L
0;1;2;3;5;6;7;8;9;10;11;
1.0;0.0;0.0;25.0;0.0;1.0;0.0;37.3203091243;0.0;0.0;1.0;-45.0;0.0;0.0;0.0;1.0;
True
---
L
0;1;2;4;5;7;8;9;10;11;
1.0;0.0;0.0;115.0;0.0;1.0;0.0;297.320309124;0.0;0.0;1.0;-45.0;0.0;0.0;0.0;1.0;
True
---
L
0;1;2;4;5;7;8;9;11;
1.0;0.0;0.0;85.0;0.0;1.0;0.0;-222.679690876;0.0;0.0;1.0;-45.0;0.0;0.0;0.0;1.0;
True
---
L
0;3;4;5;6;7;8;9;10;
1.0;0.0;0.0;-75.0;0.0;1.0;0.0;-132.679690876;0.0;0.0;1.0;-45.0;0.0;0.0;0.0;1.0;
True
---
L
0;1;2;3;4;7;8;9;10;
1.0;0.0;0.0;-35.0;0.0;1.0;0.0;207.320309124;0.0;0.0;1.0;-45.0;0.0;0.0;0.0;1.0;
True
---
L
0;1;2;3;4;6;7;8;10;11;
1.0;0.0;0.0;175.0;0.0;1.0;0.0;167.320309124;0.0;0.0;1.0;-45.0;0.0;0.0;0.0;1.0;
True
---
L
0;1;4;5;6;7;8;10;11;
1.0;0.0;0.0;105.0;0.0;1.0;0.0;-92.6796908757;0.0;0.0;1.0;-45.0;0.0;0.0;0.0;1.0;
True
---
L
0;1;2;3;4;5;6;8;9;10;11;
1.0;0.0;0.0;215.0;0.0;1.0;0.0;-172.679690876;0.0;0.0;1.0;-45.0;0.0;0.0;0.0;1.0;
True
---
L
0;1;2;3;4;5;6;7;8;9;10;11;
1.0;0.0;0.0;-145.0;0.0;1.0;0.0;87.3203091243;0.0;0.0;1.0;-45.0;0.0;0.0;0.0;1.0;
True
---
L
0;1;2;3;4;5;6;7;8;9;10;11;
1.0;0.0;0.0;205.0;0.0;1.0;0.0;-292.679690876;0.0;0.0;1.0;-45.0;0.0;0.0;0.0;1.0;
True
---
L
1;2;3;4;6;7;8;9;10;11;
1.0;0.0;0.0;75.0;0.0;1.0;0.0;127.320309124;0.0;0.0;1.0;-45.0;0.0;0.0;0.0;1.0;
True
---
L
1;2;3;4;5;6;7;8;9;10;11;
1.0;0.0;0.0;-55.0;0.0;1.0;0.0;-42.6796908757;0.0;0.0;1.0;-45.0;0.0;0.0;0.0;1.0;
True
---
L
1;2;3;4;5;6;7;8;9;10;11;
1.0;0.0;0.0;195.0;0.0;1.0;0.0;57.3203091243;0.0;0.0;1.0;-45.0;0.0;0.0;0.0;1.0;
True
---
L
0;1;2;3;6;7;9;10;11;
1.0;0.0;0.0;195.0;0.0;1.0;0.0;-92.6796908757;0.0;0.0;1.0;-45.0;0.0;0.0;0.0;1.0;
True
---
L
0;1;2;4;5;6;7;8;9;
1.0;0.0;0.0;-155.0;0.0;1.0;0.0;177.320309124;0.0;0.0;1.0;-45.0;0.0;0.0;0.0;1.0;
True
---
L
0;1;2;3;4;5;6;7;9;10;11;
1.0;0.0;0.0;25.0;0.0;1.0;0.0;-102.679690876;0.0;0.0;1.0;-45.0;0.0;0.0;0.0;1.0;
True
---
L
0;1;2;3;5;7;8;9;10;11;
1.0;0.0;0.0;5.0;0.0;1.0;0.0;287.320309124;0.0;0.0;1.0;-45.0;0.0;0.0;0.0;1.0;
True
---
L
0;2;3;4;5;6;7;10;11;
1.0;0.0;0.0;55.0;0.0;1.0;0.0;237.320309124;0.0;0.0;1.0;-45.0;0.0;0.0;0.0;1.0;
True
---
L
0;2;3;5;6;7;8;9;10;11;
1.0;0.0;0.0;105.0;0.0;1.0;0.0;47.3203091243;0.0;0.0;1.0;-45.0;0.0;0.0;0.0;1.0;
True
---
L
0;2;3;4;5;6;7;8;9;11;
1.0;0.0;0.0;-105.0;0.0;1.0;0.0;257.320309124;0.0;0.0;1.0;-45.0;0.0;0.0;0.0;1.0;
True
---
L
0;1;2;3;5;6;7;8;
1.0;0.0;0.0;-65.0;0.0;1.0;0.0;47.3203091243;0.0;0.0;1.0;-45.0;0.0;0.0;0.0;1.0;
True
---
L
0;1;2;3;4;5;8;9;10;11;
1.0;0.0;0.0;75.0;0.0;1.0;0.0;-12.6796908757;0.0;0.0;1.0;-45.0;0.0;0.0;0.0;1.0;
True
---
L
1;2;3;4;5;6;7;8;9;10;11;
1.0;0.0;0.0;25.0;0.0;1.0;0.0;-182.679690876;0.0;0.0;1.0;-45.0;0.0;0.0;0.0;1.0;
True
---
L
0;1;2;3;4;5;6;7;8;9;10;11;
1.0;0.0;0.0;-35.0;0.0;1.0;0.0;127.320309124;0.0;0.0;1.0;-45.0;0.0;0.0;0.0;1.0;
True
---
L
0;1;2;3;4;5;7;9;10;
1.0;0.0;0.0;175.0;0.0;1.0;0.0;-12.6796908757;0.0;0.0;1.0;-45.0;0.0;0.0;0.0;1.0;
True
---
L
0;2;3;4;5;6;7;9;11;
1.0;0.0;0.0;155.0;0.0;1.0;0.0;-172.679690876;0.0;0.0;1.0;-45.0;0.0;0.0;0.0;1.0;
True
---
L
0;1;2;3;4;5;6;8;9;10;11;
1.0;0.0;0.0;25.0;0.0;1.0;0.0;-262.679690876;0.0;0.0;1.0;-45.0;0.0;0.0;0.0;1.0;
True
---
L
0;1;3;5;6;7;8;9;
1.0;0.0;0.0;155.0;0.0;1.0;0.0;257.320309124;0.0;0.0;1.0;-45.0;0.0;0.0;0.0;1.0;
True
---
L
0;1;2;3;4;5;6;7;9;10;11;
1.0;0.0;0.0;115.0;0.0;1.0;0.0;-282.679690876;0.0;0.0;1.0;-45.0;0.0;0.0;0.0;1.0;
True
---
L
0;2;3;4;5;7;8;9;10;
1.0;0.0;0.0;-165.0;0.0;1.0;0.0;27.3203091243;0.0;0.0;1.0;-45.0;0.0;0.0;0.0;1.0;
True
---
L
0;1;2;3;4;5;6;7;8;9;10;
1.0;0.0;0.0;115.0;0.0;1.0;0.0;207.320309124;0.0;0.0;1.0;-45.0;0.0;0.0;0.0;1.0;
True
---
L
0;1;2;3;4;5;6;7;8;9;10;11;
1.0;0.0;0.0;155.0;0.0;1.0;0.0;107.320309124;0.0;0.0;1.0;-45.0;0.0;0.0;0.0;1.0;
True
---
L
0;1;2;3;4;5;6;7;8;9;10;11;
1.0;0.0;0.0;15.0;0.0;1.0;0.0;157.320309124;0.0;0.0;1.0;-45.0;0.0;0.0;0.0;1.0;
True
---
L
0;1;2;3;4;5;6;7;8;9;10;11;
1.0;0.0;0.0;5.0;0.0;1.0;0.0;-42.6796908757;0.0;0.0;1.0;-45.0;0.0;0.0;0.0;1.0;
True
---
L
0;1;2;3;4;5;6;7;9;10;11;
1.0;0.0;0.0;275.0;0.0;1.0;0.0;-272.679690876;0.0;0.0;1.0;-45.0;0.0;0.0;0.0;1.0;
True
---
L
0;2;4;5;6;7;8;9;11;
1.0;0.0;0.0;155.0;0.0;1.0;0.0;-342.679690876;0.0;0.0;1.0;-45.0;0.0;0.0;0.0;1.0;
True
---
L
0;1;2;3;5;6;7;8;9;10;
1.0;0.0;0.0;-135.0;0.0;1.0;0.0;-112.679690876;0.0;0.0;1.0;-45.0;0.0;0.0;0.0;1.0;
True
---
L
0;1;2;3;4;5;6;7;8;9;10;11;
1.0;0.0;0.0;15.0;0.0;1.0;0.0;87.3203091243;0.0;0.0;1.0;-45.0;0.0;0.0;0.0;1.0;
True
---
L
2;3;5;6;7;8;9;10;11;
1.0;0.0;0.0;65.0;0.0;1.0;0.0;-302.679690876;0.0;0.0;1.0;-45.0;0.0;0.0;0.0;1.0;
True
---
L
0;1;2;3;4;5;6;7;8;9;10;
1.0;0.0;0.0;165.0;0.0;1.0;0.0;-232.679690876;0.0;0.0;1.0;-45.0;0.0;0.0;0.0;1.0;
True
---
L
2;3;5;6;7;8;9;10;
1.0;0.0;0.0;-25.0;0.0;1.0;0.0;-112.679690876;0.0;0.0;1.0;-45.0;0.0;0.0;0.0;1.0;
True
---
L
0;1;2;3;4;5;6;7;8;9;10;
1.0;0.0;0.0;-165.0;0.0;1.0;0.0;287.320309124;0.0;0.0;1.0;-45.0;0.0;0.0;0.0;1.0;
True
---
L
0;2;3;4;5;6;7;8;9;10;11;
1.0;0.0;0.0;235.0;0.0;1.0;0.0;-222.679690876;0.0;0.0;1.0;-45.0;0.0;0.0;0.0;1.0;
True
---
L
0;1;2;4;5;6;7;8;9;10;11;
1.0;0.0;0.0;265.0;0.0;1.0;0.0;-142.679690876;0.0;0.0;1.0;-45.0;0.0;0.0;0.0;1.0;
True
---
L
0;1;2;3;4;5;6;7;8;9;10;11;
1.0;0.0;0.0;-85.0;0.0;1.0;0.0;107.320309124;0.0;0.0;1.0;-45.0;0.0;0.0;0.0;1.0;
True
---
L
0;1;2;3;4;5;7;8;9;10;
1.0;0.0;0.0;-135.0;0.0;1.0;0.0;-52.6796908757;0.0;0.0;1.0;-45.0;0.0;0.0;0.0;1.0;
True
---
L
0;1;2;3;4;5;6;7;8;9;10;11;
1.0;0.0;0.0;165.0;0.0;1.0;0.0;-122.679690876;0.0;0.0;1.0;-45.0;0.0;0.0;0.0;1.0;
True
---
L
0;1;3;4;5;6;7;8;10;11;
1.0;0.0;0.0;-105.0;0.0;1.0;0.0;207.320309124;0.0;0.0;1.0;-45.0;0.0;0.0;0.0;1.0;
True
---
L
1;2;3;4;5;7;8;9;10;11;
1.0;0.0;0.0;-75.0;0.0;1.0;0.0;277.320309124;0.0;0.0;1.0;-45.0;0.0;0.0;0.0;1.0;
True
---
L
0;1;2;4;6;7;8;9;10;11;
1.0;0.0;0.0;175.0;0.0;1.0;0.0;307.320309124;0.0;0.0;1.0;-45.0;0.0;0.0;0.0;1.0;
True
---
L
0;1;2;3;4;5;6;7;8;9;10;11;
1.0;0.0;0.0;55.0;0.0;1.0;0.0;-62.6796908757;0.0;0.0;1.0;-45.0;0.0;0.0;0.0;1.0;
True
---
L
0;1;2;3;4;5;6;7;8;10;11;
1.0;0.0;0.0;285.0;0.0;1.0;0.0;-342.679690876;0.0;0.0;1.0;-45.0;0.0;0.0;0.0;1.0;
True
---
L
2;5;6;7;8;9;10;11;
1.0;0.0;0.0;-85.0;0.0;1.0;0.0;157.320309124;0.0;0.0;1.0;-45.0;0.0;0.0;0.0;1.0;
True
---
L
0;1;2;3;4;5;6;7;8;9;10;11;
1.0;0.0;0.0;75.0;0.0;1.0;0.0;87.3203091243;0.0;0.0;1.0;-45.0;0.0;0.0;0.0;1.0;
True
---
L
0;2;3;5;6;7;8;9;10;11;
1.0;0.0;0.0;-25.0;0.0;1.0;0.0;-2.67969087568;0.0;0.0;1.0;-45.0;0.0;0.0;0.0;1.0;
True
---
L
0;2;4;5;6;7;8;9;11;
1.0;0.0;0.0;-55.0;0.0;1.0;0.0;-172.679690876;0.0;0.0;1.0;-45.0;0.0;0.0;0.0;1.0;
True
---
L
0;1;2;3;5;6;7;8;9;10;11;
1.0;0.0;0.0;85.0;0.0;1.0;0.0;-162.679690876;0.0;0.0;1.0;-45.0;0.0;0.0;0.0;1.0;
True
---
L
0;1;2;3;4;5;6;7;8;9;10;11;
1.0;0.0;0.0;-105.0;0.0;1.0;0.0;7.32030912432;0.0;0.0;1.0;-45.0;0.0;0.0;0.0;1.0;
True
---
L
0;1;3;4;5;6;7;8;10;11;
1.0;0.0;0.0;65.0;0.0;1.0;0.0;177.320309124;0.0;0.0;1.0;-45.0;0.0;0.0;0.0;1.0;
True
---
L
0;1;2;4;5;6;7;8;9;10;11;
1.0;0.0;0.0;-145.0;0.0;1.0;0.0;227.320309124;0.0;0.0;1.0;-45.0;0.0;0.0;0.0;1.0;
True
---
L
0;1;2;3;4;6;7;8;9;10;11;
1.0;0.0;0.0;-85.0;0.0;1.0;0.0;-72.6796908757;0.0;0.0;1.0;-45.0;0.0;0.0;0.0;1.0;
True
---
L
0;1;2;3;4;5;6;7;8;9;10;
1.0;0.0;0.0;15.0;0.0;1.0;0.0;247.320309124;0.0;0.0;1.0;-45.0;0.0;0.0;0.0;1.0;
True
---
L
1;2;3;4;6;7;8;9;10;11;
1.0;0.0;0.0;225.0;0.0;1.0;0.0;-2.67969087568;0.0;0.0;1.0;-45.0;0.0;0.0;0.0;1.0;
True
---
L
0;1;2;3;4;5;6;7;8;9;10;11;
1.0;0.0;0.0;65.0;0.0;1.0;0.0;277.320309124;0.0;0.0;1.0;-45.0;0.0;0.0;0.0;1.0;
True
---
L
0;1;2;3;4;6;7;8;10;11;
1.0;0.0;0.0;145.0;0.0;1.0;0.0;17.3203091243;0.0;0.0;1.0;-45.0;0.0;0.0;0.0;1.0;
True
---
L
0;1;2;4;5;6;7;8;9;10;11;
1.0;0.0;0.0;-125.0;0.0;1.0;0.0;297.320309124;0.0;0.0;1.0;-45.0;0.0;0.0;0.0;1.0;
True
---
L
0;2;3;5;6;8;10;11;
1.0;0.0;0.0;165.0;0.0;1.0;0.0;-282.679690876;0.0;0.0;1.0;-45.0;0.0;0.0;0.0;1.0;
True
---
L
0;1;2;3;4;6;8;9;10;11;
1.0;0.0;0.0;125.0;0.0;1.0;0.0;-42.6796908757;0.0;0.0;1.0;-45.0;0.0;0.0;0.0;1.0;
True
---
L
0;1;3;4;5;6;7;9;10;
1.0;0.0;0.0;-115.0;0.0;1.0;0.0;47.3203091243;0.0;0.0;1.0;-45.0;0.0;0.0;0.0;1.0;
True
---
L
0;1;2;3;6;7;8;9;10;11;
1.0;0.0;0.0;-35.0;0.0;1.0;0.0;257.320309124;0.0;0.0;1.0;-45.0;0.0;0.0;0.0;1.0;
True
---
L
0;1;2;3;4;5;6;7;9;10;11;
1.0;0.0;0.0;65.0;0.0;1.0;0.0;27.3203091243;0.0;0.0;1.0;-45.0;0.0;0.0;0.0;1.0;
True
---
L
0;1;2;3;4;5;6;7;8;9;10;11;
1.0;0.0;0.0;5.0;0.0;1.0;0.0;-142.679690876;0.0;0.0;1.0;-45.0;0.0;0.0;0.0;1.0;
True
---
L
0;1;2;3;4;5;6;8;9;11;
1.0;0.0;0.0;-195.0;0.0;1.0;0.0;197.320309124;0.0;0.0;1.0;-45.0;0.0;0.0;0.0;1.0;
True
---
L
0;1;3;4;7;8;9;10;
1.0;0.0;0.0;35.0;0.0;1.0;0.0;-222.679690876;0.0;0.0;1.0;-45.0;0.0;0.0;0.0;1.0;
True
---
L
0;1;2;3;4;6;7;9;10;11;
1.0;0.0;0.0;115.0;0.0;1.0;0.0;97.3203091243;0.0;0.0;1.0;-45.0;0.0;0.0;0.0;1.0;
True
---
L
1;2;5;6;7;8;9;10;11;
1.0;0.0;0.0;-25.0;0.0;1.0;0.0;67.3203091243;0.0;0.0;1.0;-45.0;0.0;0.0;0.0;1.0;
True
---
L
0;1;3;4;5;6;7;8;9;10;11;
1.0;0.0;0.0;-145.0;0.0;1.0;0.0;137.320309124;0.0;0.0;1.0;-45.0;0.0;0.0;0.0;1.0;
True
---
L
0;3;4;8;9;11;
1.0;0.0;0.0;255.0;0.0;1.0;0.0;-182.679690876;0.0;0.0;1.0;-45.0;0.0;0.0;0.0;1.0;
True
---
L
1;2;3;4;5;6;7;8;10;
1.0;0.0;0.0;-5.0;0.0;1.0;0.0;-212.679690876;0.0;0.0;1.0;-45.0;0.0;0.0;0.0;1.0;
True
---
L
0;1;2;3;5;6;9;
1.0;0.0;0.0;135.0;0.0;1.0;0.0;157.320309124;0.0;0.0;1.0;-45.0;0.0;0.0;0.0;1.0;
True
---
L
0;1;2;3;4;5;6;7;8;9;10;11;
1.0;0.0;0.0;115.0;0.0;1.0;0.0;-132.679690876;0.0;0.0;1.0;-45.0;0.0;0.0;0.0;1.0;
True
---
L
0;1;2;3;4;5;6;7;9;10;11;
1.0;0.0;0.0;165.0;0.0;1.0;0.0;-62.6796908757;0.0;0.0;1.0;-45.0;0.0;0.0;0.0;1.0;
True
---
L
0;1;2;3;5;6;7;8;9;10;11;
1.0;0.0;0.0;135.0;0.0;1.0;0.0;-262.679690876;0.0;0.0;1.0;-45.0;0.0;0.0;0.0;1.0;
True
---
L
0;1;2;3;4;5;6;7;8;9;10;11;
1.0;0.0;0.0;255.0;0.0;1.0;0.0;-312.679690876;0.0;0.0;1.0;-45.0;0.0;0.0;0.0;1.0;
True
---
L
0;1;2;3;4;5;6;7;9;10;11;
1.0;0.0;0.0;-185.0;0.0;1.0;0.0;127.320309124;0.0;0.0;1.0;-45.0;0.0;0.0;0.0;1.0;
True
---
L
0;1;2;3;4;5;6;7;8;9;10;11;
1.0;0.0;0.0;65.0;0.0;1.0;0.0;-262.679690876;0.0;0.0;1.0;-45.0;0.0;0.0;0.0;1.0;
True
---
L
0;1;2;3;4;5;7;8;9;10;11;
1.0;0.0;0.0;255.0;0.0;1.0;0.0;-92.6796908757;0.0;0.0;1.0;-45.0;0.0;0.0;0.0;1.0;
True
---
L
0;1;2;3;5;8;9;10;11;
1.0;0.0;0.0;-115.0;0.0;1.0;0.0;167.320309124;0.0;0.0;1.0;-45.0;0.0;0.0;0.0;1.0;
True
---
L
0;1;2;4;5;6;7;8;10;11;
1.0;0.0;0.0;105.0;0.0;1.0;0.0;247.320309124;0.0;0.0;1.0;-45.0;0.0;0.0;0.0;1.0;
True
---
L
0;1;2;3;4;5;6;7;8;9;10;11;
1.0;0.0;0.0;-65.0;0.0;1.0;0.0;237.320309124;0.0;0.0;1.0;-45.0;0.0;0.0;0.0;1.0;
True
---
L
0;1;2;4;5;6;7;9;10;
1.0;0.0;0.0;-25.0;0.0;1.0;0.0;-182.679690876;0.0;0.0;1.0;-45.0;0.0;0.0;0.0;1.0;
True
---
L
0;1;2;3;4;5;6;7;8;11;
1.0;0.0;0.0;25.0;0.0;1.0;0.0;197.320309124;0.0;0.0;1.0;-45.0;0.0;0.0;0.0;1.0;
True
---
L
0;1;2;3;4;5;6;7;9;10;11;
1.0;0.0;0.0;25.0;0.0;1.0;0.0;-2.67969087568;0.0;0.0;1.0;-45.0;0.0;0.0;0.0;1.0;
True
---
L
0;1;2;3;4;6;8;11;
1.0;0.0;0.0;195.0;0.0;1.0;0.0;-152.679690876;0.0;0.0;1.0;-45.0;0.0;0.0;0.0;1.0;
True
---
L
0;1;2;3;4;5;6;7;8;9;10;11;
1.0;0.0;0.0;-5.0;0.0;1.0;0.0;-72.6796908757;0.0;0.0;1.0;-45.0;0.0;0.0;0.0;1.0;
True
---
L
1;2;3;4;5;6;7;8;9;10;11;
1.0;0.0;0.0;155.0;0.0;1.0;0.0;207.320309124;0.0;0.0;1.0;-45.0;0.0;0.0;0.0;1.0;
True
---
L
0;1;2;3;4;5;6;7;8;9;10;11;
1.0;0.0;0.0;105.0;0.0;1.0;0.0;157.320309124;0.0;0.0;1.0;-45.0;0.0;0.0;0.0;1.0;
True
---
L
0;2;3;4;5;6;8;9;10;11;
1.0;0.0;0.0;225.0;0.0;1.0;0.0;-132.679690876;0.0;0.0;1.0;-45.0;0.0;0.0;0.0;1.0;
True
---
L
0;1;3;5;6;7;8;9;10;11;
1.0;0.0;0.0;-185.0;0.0;1.0;0.0;227.320309124;0.0;0.0;1.0;-45.0;0.0;0.0;0.0;1.0;
True
---
L
0;1;2;3;4;5;6;7;8;9;10;11;
1.0;0.0;0.0;205.0;0.0;1.0;0.0;-322.679690876;0.0;0.0;1.0;-45.0;0.0;0.0;0.0;1.0;
True
---
L
1;2;3;4;6;7;8;9;10;11;
1.0;0.0;0.0;195.0;0.0;1.0;0.0;-212.679690876;0.0;0.0;1.0;-45.0;0.0;0.0;0.0;1.0;
True
---
L
0;1;2;3;4;6;7;8;10;11;
1.0;0.0;0.0;-35.0;0.0;1.0;0.0;297.320309124;0.0;0.0;1.0;-45.0;0.0;0.0;0.0;1.0;
True
---
L
0;1;2;3;4;5;6;7;9;10;11;
1.0;0.0;0.0;215.0;0.0;1.0;0.0;157.320309124;0.0;0.0;1.0;-45.0;0.0;0.0;0.0;1.0;
True
---
L
0;1;2;3;4;5;6;8;9;10;11;
1.0;0.0;0.0;45.0;0.0;1.0;0.0;-132.679690876;0.0;0.0;1.0;-45.0;0.0;0.0;0.0;1.0;
True
---
L
0;1;2;3;4;5;6;7;8;9;10;11;
1.0;0.0;0.0;115.0;0.0;1.0;0.0;-202.679690876;0.0;0.0;1.0;-45.0;0.0;0.0;0.0;1.0;
True
---
L
0;1;2;3;4;5;6;7;8;9;10;11;
1.0;0.0;0.0;-55.0;0.0;1.0;0.0;-72.6796908757;0.0;0.0;1.0;-45.0;0.0;0.0;0.0;1.0;
True
---
L
0;1;3;4;6;8;9;10;11;
1.0;0.0;0.0;215.0;0.0;1.0;0.0;-252.679690876;0.0;0.0;1.0;-45.0;0.0;0.0;0.0;1.0;
True
---
L
0;1;2;3;4;5;6;7;8;11;
1.0;0.0;0.0;195.0;0.0;1.0;0.0;117.320309124;0.0;0.0;1.0;-45.0;0.0;0.0;0.0;1.0;
True
---
L
1;4;5;6;8;9;10;
1.0;0.0;0.0;125.0;0.0;1.0;0.0;-322.679690876;0.0;0.0;1.0;-45.0;0.0;0.0;0.0;1.0;
True
---
L
0;2;3;4;5;6;7;9;11;
1.0;0.0;0.0;-195.0;0.0;1.0;0.0;307.320309124;0.0;0.0;1.0;-45.0;0.0;0.0;0.0;1.0;
True
---
L
0;1;2;3;4;5;6;7;8;9;10;11;
1.0;0.0;0.0;95.0;0.0;1.0;0.0;-52.6796908757;0.0;0.0;1.0;-45.0;0.0;0.0;0.0;1.0;
True
---
L
0;1;2;4;5;6;7;8;10;11;
1.0;0.0;0.0;-65.0;0.0;1.0;0.0;-2.67969087568;0.0;0.0;1.0;-45.0;0.0;0.0;0.0;1.0;
True
---
L
0;1;2;3;4;5;7;8;9;10;11;
1.0;0.0;0.0;-135.0;0.0;1.0;0.0;257.320309124;0.0;0.0;1.0;-45.0;0.0;0.0;0.0;1.0;
True
---
L
0;1;2;3;5;6;7;8;9;10;11;
1.0;0.0;0.0;125.0;0.0;1.0;0.0;-12.6796908757;0.0;0.0;1.0;-45.0;0.0;0.0;0.0;1.0;
True
---
L
0;1;2;3;4;5;6;7;8;10;11;
1.0;0.0;0.0;195.0;0.0;1.0;0.0;-52.6796908757;0.0;0.0;1.0;-45.0;0.0;0.0;0.0;1.0;
True
---
L
0;1;2;3;4;6;7;8;10;11;
1.0;0.0;0.0;155.0;0.0;1.0;0.0;-32.6796908757;0.0;0.0;1.0;-45.0;0.0;0.0;0.0;1.0;
True
---
L
0;1;2;3;4;7;8;9;10;11;
1.0;0.0;0.0;45.0;0.0;1.0;0.0;137.320309124;0.0;0.0;1.0;-45.0;0.0;0.0;0.0;1.0;
True
---
L
0;1;2;4;5;7;8;9;10;11;
1.0;0.0;0.0;225.0;0.0;1.0;0.0;-52.6796908757;0.0;0.0;1.0;-45.0;0.0;0.0;0.0;1.0;
True
---
L
0;1;2;3;4;5;6;8;10;11;
1.0;0.0;0.0;85.0;0.0;1.0;0.0;-122.679690876;0.0;0.0;1.0;-45.0;0.0;0.0;0.0;1.0;
True
---
L
0;1;2;3;4;5;6;7;8;9;10;11;
1.0;0.0;0.0;-45.0;0.0;1.0;0.0;27.3203091243;0.0;0.0;1.0;-45.0;0.0;0.0;0.0;1.0;
True
---
L
0;1;2;3;4;5;6;7;8;9;10;11;
1.0;0.0;0.0;-105.0;0.0;1.0;0.0;-32.6796908757;0.0;0.0;1.0;-45.0;0.0;0.0;0.0;1.0;
True
---
L
0;2;3;4;5;6;7;8;9;11;
1.0;0.0;0.0;245.0;0.0;1.0;0.0;-22.6796908757;0.0;0.0;1.0;-45.0;0.0;0.0;0.0;1.0;
True
---
L
0;1;2;3;4;5;6;7;8;9;10;
1.0;0.0;0.0;-25.0;0.0;1.0;0.0;167.320309124;0.0;0.0;1.0;-45.0;0.0;0.0;0.0;1.0;
True
---
L
0;1;2;3;4;5;6;7;8;10;11;
1.0;0.0;0.0;-135.0;0.0;1.0;0.0;-22.6796908757;0.0;0.0;1.0;-45.0;0.0;0.0;0.0;1.0;
True
---
L
0;1;2;3;4;6;8;9;10;11;
1.0;0.0;0.0;-115.0;0.0;1.0;0.0;117.320309124;0.0;0.0;1.0;-45.0;0.0;0.0;0.0;1.0;
True
---
L
0;1;2;3;4;5;6;7;8;9;10;11;
1.0;0.0;0.0;-45.0;0.0;1.0;0.0;-132.679690876;0.0;0.0;1.0;-45.0;0.0;0.0;0.0;1.0;
True
---
L
1;2;3;4;5;6;7;8;9;10;11;
1.0;0.0;0.0;15.0;0.0;1.0;0.0;117.320309124;0.0;0.0;1.0;-45.0;0.0;0.0;0.0;1.0;
True
---
L
0;1;2;3;4;5;6;7;8;10;
1.0;0.0;0.0;155.0;0.0;1.0;0.0;57.3203091243;0.0;0.0;1.0;-45.0;0.0;0.0;0.0;1.0;
True
---
L
1;2;3;4;5;6;7;8;9;10;11;
1.0;0.0;0.0;65.0;0.0;1.0;0.0;-92.6796908757;0.0;0.0;1.0;-45.0;0.0;0.0;0.0;1.0;
True
---
L
0;1;2;3;4;5;7;8;9;10;11;
1.0;0.0;0.0;-135.0;0.0;1.0;0.0;187.320309124;0.0;0.0;1.0;-45.0;0.0;0.0;0.0;1.0;
True
---
L
0;2;3;4;7;8;9;10;11;
1.83690953073e-16;1.0;0.0;162.320309124;-1.0;1.83690953073e-16;0.0;10.0;0.0;0.0;1.0;-55.0;0.0;0.0;0.0;1.0;
True
---
L
1;2;4;5;8;9;10;11;
1.83690953073e-16;-1.0;0.0;137.679690876;1.0;1.83690953073e-16;0.0;-40.0;0.0;0.0;1.0;-35.0;0.0;0.0;0.0;1.0;
True
---
L
0;1;3;4;7;9;
1.83690953073e-16;-1.0;0.0;17.6796908757;1.0;1.83690953073e-16;0.0;210.0;0.0;0.0;1.0;-35.0;0.0;0.0;0.0;1.0;
True
---
L
0;1;3;4;5;6;7;9;11;
1.83690953073e-16;1.0;0.0;-177.679690876;-1.0;1.83690953073e-16;0.0;360.0;0.0;0.0;1.0;-55.0;0.0;0.0;0.0;1.0;
True
---
L
0;3;4;6;7;11;
1.83690953073e-16;-1.0;0.0;27.6796908757;1.0;1.83690953073e-16;0.0;80.0;0.0;0.0;1.0;-35.0;0.0;0.0;0.0;1.0;
True
---
L
0;1;2;3;4;6;7;8;9;10;11;
1.83690953073e-16;1.0;0.0;-237.679690876;-1.0;1.83690953073e-16;0.0;320.0;0.0;0.0;1.0;-55.0;0.0;0.0;0.0;1.0;
True
---
L
0;1;3;4;5;6;7;8;9;10;11;
1.83690953073e-16;1.0;0.0;152.320309124;-1.0;1.83690953073e-16;0.0;-60.0;0.0;0.0;1.0;-55.0;0.0;0.0;0.0;1.0;
True
---
L
0;1;4;5;6;7;8;9;10;11;
1.83690953073e-16;1.0;0.0;52.3203091243;-1.0;1.83690953073e-16;0.0;230.0;0.0;0.0;1.0;-55.0;0.0;0.0;0.0;1.0;
True
---
L
0;1;2;4;6;7;8;10;11;
1.83690953073e-16;1.0;0.0;202.320309124;-1.0;1.83690953073e-16;0.0;-250.0;0.0;0.0;1.0;-55.0;0.0;0.0;0.0;1.0;
True
---
L
0;1;3;4;5;6;7;8;9;10;11;
1.83690953073e-16;1.0;0.0;122.320309124;-1.0;1.83690953073e-16;0.0;210.0;0.0;0.0;1.0;-55.0;0.0;0.0;0.0;1.0;
True
---
L
0;1;2;3;4;6;7;8;9;10;
1.83690953073e-16;1.0;0.0;92.3203091243;-1.0;1.83690953073e-16;0.0;-60.0;0.0;0.0;1.0;-55.0;0.0;0.0;0.0;1.0;
True
---
L
0;1;2;4;5;6;7;8;9;10;11;
1.83690953073e-16;1.0;0.0;112.320309124;-1.0;1.83690953073e-16;0.0;-50.0;0.0;0.0;1.0;-55.0;0.0;0.0;0.0;1.0;
True
---
L
0;1;2;3;5;6;7;9;11;
1.83690953073e-16;-1.0;0.0;247.679690876;1.0;1.83690953073e-16;0.0;120.0;0.0;0.0;1.0;-35.0;0.0;0.0;0.0;1.0;
True
---
L
0;1;2;3;6;7;8;9;10;11;
1.83690953073e-16;1.0;0.0;122.320309124;-1.0;1.83690953073e-16;0.0;240.0;0.0;0.0;1.0;-55.0;0.0;0.0;0.0;1.0;
True
---
L
1;2;3;5;7;9;11;
1.83690953073e-16;1.0;0.0;-167.679690876;-1.0;1.83690953073e-16;0.0;230.0;0.0;0.0;1.0;-55.0;0.0;0.0;0.0;1.0;
True
---
L
0;1;2;3;5;8;9;10;11;
1.83690953073e-16;1.0;0.0;-247.679690876;-1.0;1.83690953073e-16;0.0;290.0;0.0;0.0;1.0;-55.0;0.0;0.0;0.0;1.0;
True
---
L
0;2;3;4;5;6;7;8;9;10;
1.83690953073e-16;-1.0;0.0;347.679690876;1.0;1.83690953073e-16;0.0;-160.0;0.0;0.0;1.0;-35.0;0.0;0.0;0.0;1.0;
True
---
L
1;2;3;5;6;7;8;9;10;
1.0;0.0;0.0;125.0;0.0;1.0;0.0;117.320309124;0.0;0.0;1.0;-45.0;0.0;0.0;0.0;1.0;
True
---
L
1;2;3;4;5;6;9;10;11;
1.83690953073e-16;-1.0;0.0;267.679690876;1.0;1.83690953073e-16;0.0;-160.0;0.0;0.0;1.0;-35.0;0.0;0.0;0.0;1.0;
True
---
L
0;1;2;3;4;5;7;8;9;10;
1.83690953073e-16;-1.0;0.0;167.679690876;1.0;1.83690953073e-16;0.0;140.0;0.0;0.0;1.0;-35.0;0.0;0.0;0.0;1.0;
True
---
L
1;2;3;5;6;7;8;10;11;
1.83690953073e-16;-1.0;0.0;17.6796908757;1.0;1.83690953073e-16;0.0;-70.0;0.0;0.0;1.0;-35.0;0.0;0.0;0.0;1.0;
True
---
L
0;1;2;3;4;6;7;9;10;11;
-1.0;-3.67381906147e-16;0.0;-35.0;3.67381906147e-16;-1.0;0.0;162.679690876;0.0;0.0;1.0;-25.0;0.0;0.0;0.0;1.0;
True
---
L
0;1;2;3;5;7;8;9;10;11;
-1.0;-3.67381906147e-16;0.0;-75.0;3.67381906147e-16;-1.0;0.0;-7.32030912432;0.0;0.0;1.0;-25.0;0.0;0.0;0.0;1.0;
True
---
L
0;1;2;4;5;6;7;8;9;10;
1.83690953073e-16;-1.0;0.0;137.679690876;1.0;1.83690953073e-16;0.0;-130.0;0.0;0.0;1.0;-35.0;0.0;0.0;0.0;1.0;
True
---
L
1;2;3;4;5;6;7;8;9;10;11;
1.83690953073e-16;1.0;0.0;82.3203091243;-1.0;1.83690953073e-16;0.0;270.0;0.0;0.0;1.0;-55.0;0.0;0.0;0.0;1.0;
True
---
L
0;1;2;3;4;5;6;7;8;9;11;
1.83690953073e-16;-1.0;0.0;207.679690876;1.0;1.83690953073e-16;0.0;330.0;0.0;0.0;1.0;-35.0;0.0;0.0;0.0;1.0;
True
---
L
0;1;2;3;4;5;6;7;8;10;11;
1.83690953073e-16;-1.0;0.0;247.679690876;1.0;1.83690953073e-16;0.0;70.0;0.0;0.0;1.0;-35.0;0.0;0.0;0.0;1.0;
True
---
L
0;1;2;4;5;7;9;10;11;
1.83690953073e-16;1.0;0.0;32.3203091243;-1.0;1.83690953073e-16;0.0;180.0;0.0;0.0;1.0;-55.0;0.0;0.0;0.0;1.0;
True
---
L
0;1;4;6;7;8;9;10;11;
1.83690953073e-16;1.0;0.0;102.320309124;-1.0;1.83690953073e-16;0.0;260.0;0.0;0.0;1.0;-55.0;0.0;0.0;0.0;1.0;
True
---
L
0;1;3;4;6;7;9;11;
1.83690953073e-16;1.0;0.0;-17.6796908757;-1.0;1.83690953073e-16;0.0;330.0;0.0;0.0;1.0;-55.0;0.0;0.0;0.0;1.0;
True
---
L
0;2;3;4;5;6;7;8;9;10;11;
1.83690953073e-16;1.0;0.0;102.320309124;-1.0;1.83690953073e-16;0.0;-210.0;0.0;0.0;1.0;-55.0;0.0;0.0;0.0;1.0;
True
---
L
0;3;4;5;8;9;11;
1.83690953073e-16;1.0;0.0;-27.6796908757;-1.0;1.83690953073e-16;0.0;200.0;0.0;0.0;1.0;-55.0;0.0;0.0;0.0;1.0;
True
---
L
0;1;2;3;4;5;6;7;8;9;11;
1.83690953073e-16;-1.0;0.0;-42.3203091243;1.0;1.83690953073e-16;0.0;210.0;0.0;0.0;1.0;-35.0;0.0;0.0;0.0;1.0;
True
---
L
0;1;2;3;4;5;6;7;8;9;11;
1.83690953073e-16;-1.0;0.0;-22.3203091243;1.0;1.83690953073e-16;0.0;380.0;0.0;0.0;1.0;-35.0;0.0;0.0;0.0;1.0;
True
---
L
0;2;3;4;5;6;7;8;9;10;11;
1.0;0.0;0.0;-55.0;0.0;1.0;0.0;17.3203091243;0.0;0.0;1.0;-45.0;0.0;0.0;0.0;1.0;
True
---
L
0;1;2;3;4;6;7;8;9;11;
1.83690953073e-16;-1.0;0.0;267.679690876;1.0;1.83690953073e-16;0.0;-220.0;0.0;0.0;1.0;-35.0;0.0;0.0;0.0;1.0;
True
---
L
0;1;2;3;4;6;7;8;9;10;
1.83690953073e-16;-1.0;0.0;247.679690876;1.0;1.83690953073e-16;0.0;-170.0;0.0;0.0;1.0;-35.0;0.0;0.0;0.0;1.0;
True
---
L
0;1;4;5;7;8;9;10;11;
1.83690953073e-16;1.0;0.0;182.320309124;-1.0;1.83690953073e-16;0.0;-120.0;0.0;0.0;1.0;-55.0;0.0;0.0;0.0;1.0;
True
---
L
0;1;2;4;5;6;7;9;10;11;
-1.0;3.67381906147e-16;0.0;75.0;-3.67381906147e-16;-1.0;0.0;282.679690876;0.0;0.0;1.0;-65.0;0.0;0.0;0.0;1.0;
True
---
L
1;3;4;5;6;7;9;10;11;
1.83690953073e-16;1.0;0.0;82.3203091243;-1.0;1.83690953073e-16;0.0;60.0;0.0;0.0;1.0;-55.0;0.0;0.0;0.0;1.0;
True
---
L
0;1;3;4;5;6;7;8;9;10;11;
1.83690953073e-16;1.0;0.0;-107.679690876;-1.0;1.83690953073e-16;0.0;390.0;0.0;0.0;1.0;-55.0;0.0;0.0;0.0;1.0;
True
---
L
0;1;2;3;4;5;7;8;9;10;11;
1.83690953073e-16;-1.0;0.0;287.679690876;1.0;1.83690953073e-16;0.0;-70.0;0.0;0.0;1.0;-35.0;0.0;0.0;0.0;1.0;
True
---
L
0;1;2;3;4;5;8;9;10;
1.83690953073e-16;-1.0;0.0;97.6796908757;1.0;1.83690953073e-16;0.0;130.0;0.0;0.0;1.0;-35.0;0.0;0.0;0.0;1.0;
True
---
L
0;1;2;3;4;6;7;8;10;11;
-1.0;3.67381906147e-16;0.0;115.0;-3.67381906147e-16;-1.0;0.0;282.679690876;0.0;0.0;1.0;-65.0;0.0;0.0;0.0;1.0;
True
---
L
0;1;2;3;5;6;7;9;10;11;
1.83690953073e-16;-1.0;0.0;57.6796908757;1.0;1.83690953073e-16;0.0;120.0;0.0;0.0;1.0;-35.0;0.0;0.0;0.0;1.0;
True
---
L
0;2;3;5;6;7;8;9;10;11;
1.83690953073e-16;1.0;0.0;182.320309124;-1.0;1.83690953073e-16;0.0;80.0;0.0;0.0;1.0;-55.0;0.0;0.0;0.0;1.0;
True
---
L
0;1;2;3;4;5;7;8;9;10;11;
1.83690953073e-16;-1.0;0.0;37.6796908757;1.0;1.83690953073e-16;0.0;150.0;0.0;0.0;1.0;-35.0;0.0;0.0;0.0;1.0;
True
---
L
0;1;3;4;5;6;7;8;9;10;11;
1.83690953073e-16;1.0;0.0;-67.6796908757;-1.0;1.83690953073e-16;0.0;350.0;0.0;0.0;1.0;-55.0;0.0;0.0;0.0;1.0;
True
---
L
0;1;2;3;4;5;8;9;10;11;
1.83690953073e-16;-1.0;0.0;217.679690876;1.0;1.83690953073e-16;0.0;-110.0;0.0;0.0;1.0;-35.0;0.0;0.0;0.0;1.0;
True
---
L
0;1;2;3;4;5;6;7;8;10;
1.0;0.0;0.0;305.0;0.0;1.0;0.0;-342.679690876;0.0;0.0;1.0;-45.0;0.0;0.0;0.0;1.0;
True
---
L
1;2;3;4;5;7;8;9;10;
1.83690953073e-16;1.0;0.0;52.3203091243;-1.0;1.83690953073e-16;0.0;3.5527136788e-15;0.0;0.0;1.0;-55.0;0.0;0.0;0.0;1.0;
True
---
L
0;2;3;5;8;9;10;11;
1.83690953073e-16;-1.0;0.0;-52.3203091243;1.0;1.83690953073e-16;0.0;220.0;0.0;0.0;1.0;-35.0;0.0;0.0;0.0;1.0;
True
---
L
0;1;2;3;4;6;8;9;10;11;
1.83690953073e-16;1.0;0.0;-237.679690876;-1.0;1.83690953073e-16;0.0;250.0;0.0;0.0;1.0;-55.0;0.0;0.0;0.0;1.0;
True
---
L
0;1;2;4;5;6;7;8;9;11;
1.83690953073e-16;-1.0;0.0;357.679690876;1.0;1.83690953073e-16;0.0;-80.0;0.0;0.0;1.0;-35.0;0.0;0.0;0.0;1.0;
True
---
L
0;2;3;4;5;6;7;8;9;10;11;
1.83690953073e-16;1.0;0.0;-97.6796908757;-1.0;1.83690953073e-16;0.0;320.0;0.0;0.0;1.0;-55.0;0.0;0.0;0.0;1.0;
True
---
L
0;1;2;3;5;6;7;8;9;10;11;
1.0;0.0;0.0;-15.0;0.0;1.0;0.0;37.3203091243;0.0;0.0;1.0;-45.0;0.0;0.0;0.0;1.0;
True
---
L
0;1;2;3;4;5;6;8;10;11;
1.83690953073e-16;-1.0;0.0;217.679690876;1.0;1.83690953073e-16;0.0;60.0;0.0;0.0;1.0;-35.0;0.0;0.0;0.0;1.0;
True
---
L
1;2;3;4;6;7;8;9;10;11;
1.0;0.0;0.0;75.0;0.0;1.0;0.0;-142.679690876;0.0;0.0;1.0;-45.0;0.0;0.0;0.0;1.0;
True
---
L
0;1;2;4;5;6;7;9;11;
1.0;0.0;0.0;165.0;0.0;1.0;0.0;37.3203091243;0.0;0.0;1.0;-45.0;0.0;0.0;0.0;1.0;
True
---
L
0;1;2;5;6;8;10;
-5.5107285922e-16;-1.0;0.0;167.679690876;1.0;-5.5107285922e-16;0.0;200.0;0.0;0.0;1.0;-75.0;0.0;0.0;0.0;1.0;
True
---
L
0;2;3;4;6;7;8;9;10;11;
1.0;0.0;0.0;55.0;0.0;1.0;0.0;37.3203091243;0.0;0.0;1.0;-45.0;0.0;0.0;0.0;1.0;
True
---
L
3;4;5;6;7;9;10;11;
1.83690953073e-16;-1.0;0.0;97.6796908757;1.0;1.83690953073e-16;0.0;170.0;0.0;0.0;1.0;-35.0;0.0;0.0;0.0;1.0;
True
---
L
0;1;2;3;5;7;8;9;10;11;
1.83690953073e-16;1.0;0.0;22.3203091243;-1.0;1.83690953073e-16;0.0;-200.0;0.0;0.0;1.0;-55.0;0.0;0.0;0.0;1.0;
True
---
L
0;1;2;3;4;6;7;8;9;10;11;
1.83690953073e-16;1.0;0.0;72.3203091243;-1.0;1.83690953073e-16;0.0;70.0;0.0;0.0;1.0;-55.0;0.0;0.0;0.0;1.0;
True
---
L
0;1;2;3;4;5;7;8;9;10;11;
1.83690953073e-16;-1.0;0.0;-42.3203091243;1.0;1.83690953073e-16;0.0;280.0;0.0;0.0;1.0;-35.0;0.0;0.0;0.0;1.0;
True
---
L
0;1;2;3;4;6;7;8;9;10;11;
1.83690953073e-16;1.0;0.0;32.3203091243;-1.0;1.83690953073e-16;0.0;260.0;0.0;0.0;1.0;-55.0;0.0;0.0;0.0;1.0;
True
---
L
0;1;2;3;5;6;7;8;9;10;11;
1.83690953073e-16;1.0;0.0;-257.679690876;-1.0;1.83690953073e-16;0.0;140.0;0.0;0.0;1.0;-55.0;0.0;0.0;0.0;1.0;
True
---
L
0;1;2;3;4;6;7;8;9;10;11;
1.83690953073e-16;1.0;0.0;152.320309124;-1.0;1.83690953073e-16;0.0;-110.0;0.0;0.0;1.0;-55.0;0.0;0.0;0.0;1.0;
True
---
L
0;1;2;4;5;7;8;9;10;
1.83690953073e-16;-1.0;0.0;267.679690876;1.0;1.83690953073e-16;0.0;330.0;0.0;0.0;1.0;-35.0;0.0;0.0;0.0;1.0;
True
---
L
0;1;2;3;4;5;6;7;8;9;10;
1.83690953073e-16;-1.0;0.0;-32.3203091243;1.0;1.83690953073e-16;0.0;310.0;0.0;0.0;1.0;-35.0;0.0;0.0;0.0;1.0;
True
---
L
0;1;2;5;6;7;9;10;
1.83690953073e-16;-1.0;0.0;77.6796908757;1.0;1.83690953073e-16;0.0;-160.0;0.0;0.0;1.0;-35.0;0.0;0.0;0.0;1.0;
True
---
L
0;1;2;3;4;5;7;9;11;
1.0;0.0;0.0;265.0;0.0;1.0;0.0;-222.679690876;0.0;0.0;1.0;-45.0;0.0;0.0;0.0;1.0;
True
---
L
0;2;3;4;5;6;7;8;10;11;
1.83690953073e-16;-1.0;0.0;227.679690876;1.0;1.83690953073e-16;0.0;250.0;0.0;0.0;1.0;-35.0;0.0;0.0;0.0;1.0;
True
---
L
1;2;3;4;5;6;7;8;9;10;
1.83690953073e-16;1.0;0.0;-247.679690876;-1.0;1.83690953073e-16;0.0;270.0;0.0;0.0;1.0;-55.0;0.0;0.0;0.0;1.0;
True
---
L
0;2;4;5;6;7;8;9;11;
1.83690953073e-16;1.0;0.0;-37.6796908757;-1.0;1.83690953073e-16;0.0;80.0;0.0;0.0;1.0;-55.0;0.0;0.0;0.0;1.0;
True
---
L
0;1;2;3;6;7;8;9;11;
1.83690953073e-16;1.0;0.0;32.3203091243;-1.0;1.83690953073e-16;0.0;-210.0;0.0;0.0;1.0;-55.0;0.0;0.0;0.0;1.0;
True
---
L
1;2;3;5;6;7;8;9;11;
1.0;-7.34763812293e-16;0.0;75.0;7.34763812293e-16;1.0;0.0;147.320309124;0.0;0.0;1.0;-85.0;0.0;0.0;0.0;1.0;
True
---
L
1;2;3;4;5;7;8;9;10;11;
1.83690953073e-16;-1.0;0.0;-2.32030912432;1.0;1.83690953073e-16;0.0;140.0;0.0;0.0;1.0;-35.0;0.0;0.0;0.0;1.0;
True
---
L
0;1;3;4;5;6;7;8;9;10;11;
1.83690953073e-16;1.0;0.0;82.3203091243;-1.0;1.83690953073e-16;0.0;-240.0;0.0;0.0;1.0;-55.0;0.0;0.0;0.0;1.0;
True
---
L
0;1;2;3;6;7;8;9;10;11;
1.83690953073e-16;1.0;0.0;102.320309124;-1.0;1.83690953073e-16;0.0;40.0;0.0;0.0;1.0;-55.0;0.0;0.0;0.0;1.0;
True
---
L
0;4;5;6;7;8;9;10;11;
-1.0;3.67381906147e-16;0.0;295.0;-3.67381906147e-16;-1.0;0.0;-177.320309124;0.0;0.0;1.0;-65.0;0.0;0.0;0.0;1.0;
True
---
L
0;1;2;3;4;5;6;7;8;9;10;
1.83690953073e-16;-1.0;0.0;37.6796908757;1.0;1.83690953073e-16;0.0;330.0;0.0;0.0;1.0;-35.0;0.0;0.0;0.0;1.0;
True
---
L
0;1;3;4;5;6;7;8;11;
-1.0;3.67381906147e-16;0.0;45.0;-3.67381906147e-16;-1.0;0.0;272.679690876;0.0;0.0;1.0;-65.0;0.0;0.0;0.0;1.0;
True
---
L
1;2;3;4;5;6;7;8;9;10;11;
1.0;0.0;0.0;-65.0;0.0;1.0;0.0;157.320309124;0.0;0.0;1.0;-45.0;0.0;0.0;0.0;1.0;
True
---
L
1;2;3;4;5;6;7;8;9;10;11;
-1.0;3.67381906147e-16;0.0;135.0;-3.67381906147e-16;-1.0;0.0;-157.320309124;0.0;0.0;1.0;-65.0;0.0;0.0;0.0;1.0;
True
---
L
0;2;3;5;6;7;8;9;10;11;
-1.0;3.67381906147e-16;0.0;-105.0;-3.67381906147e-16;-1.0;0.0;322.679690876;0.0;0.0;1.0;-65.0;0.0;0.0;0.0;1.0;
True
---
L
0;1;2;4;5;6;7;8;9;10;11;
1.83690953073e-16;1.0;0.0;-147.679690876;-1.0;1.83690953073e-16;0.0;150.0;0.0;0.0;1.0;-55.0;0.0;0.0;0.0;1.0;
True
---
L
0;1;2;4;5;6;7;8;9;11;
-1.0;-3.67381906147e-16;0.0;-45.0;3.67381906147e-16;-1.0;0.0;182.679690876;0.0;0.0;1.0;-25.0;0.0;0.0;0.0;1.0;
True
---
L
0;1;2;4;5;6;7;8;11;
-1.0;3.67381906147e-16;0.0;-95.0;-3.67381906147e-16;-1.0;0.0;442.679690876;0.0;0.0;1.0;-65.0;0.0;0.0;0.0;1.0;
True
---
L
1;2;5;6;7;9;10;11;
1.83690953073e-16;1.0;0.0;-207.679690876;-1.0;1.83690953073e-16;0.0;130.0;0.0;0.0;1.0;-55.0;0.0;0.0;0.0;1.0;
True
---
L
0;1;2;3;4;5;6;7;8;9;11;
1.83690953073e-16;-1.0;0.0;187.679690876;1.0;1.83690953073e-16;0.0;-70.0;0.0;0.0;1.0;-35.0;0.0;0.0;0.0;1.0;
True
---
L
0;2;3;4;5;8;11;
-1.0;3.67381906147e-16;0.0;205.0;-3.67381906147e-16;-1.0;0.0;2.67969087568;0.0;0.0;1.0;-65.0;0.0;0.0;0.0;1.0;
True
---
L
0;1;2;3;4;6;7;9;10;
1.0;0.0;0.0;45.0;0.0;1.0;0.0;-32.6796908757;0.0;0.0;1.0;-45.0;0.0;0.0;0.0;1.0;
True
---
L
0;1;2;3;4;5;6;8;9;10;11;
1.83690953073e-16;-1.0;0.0;227.679690876;1.0;1.83690953073e-16;0.0;260.0;0.0;0.0;1.0;-35.0;0.0;0.0;0.0;1.0;
True
---
L
0;2;3;4;5;6;7;8;9;10;11;
-5.5107285922e-16;-1.0;0.0;107.679690876;1.0;-5.5107285922e-16;0.0;170.0;0.0;0.0;1.0;-75.0;0.0;0.0;0.0;1.0;
True
---
L
0;1;2;3;4;6;7;8;9;10;11;
1.0;0.0;0.0;205.0;0.0;1.0;0.0;227.320309124;0.0;0.0;1.0;-45.0;0.0;0.0;0.0;1.0;
True
---
L
0;1;2;3;4;6;7;8;9;10;
1.83690953073e-16;-1.0;0.0;167.679690876;1.0;1.83690953073e-16;0.0;300.0;0.0;0.0;1.0;-35.0;0.0;0.0;0.0;1.0;
True
---
L
0;2;3;5;6;7;10;11;
1.83690953073e-16;1.0;0.0;-47.6796908757;-1.0;1.83690953073e-16;0.0;50.0;0.0;0.0;1.0;-55.0;0.0;0.0;0.0;1.0;
True
---
L
0;1;2;3;4;6;8;9;10;11;
1.83690953073e-16;1.0;0.0;-237.679690876;-1.0;1.83690953073e-16;0.0;70.0;0.0;0.0;1.0;-55.0;0.0;0.0;0.0;1.0;
True
---
L
0;1;2;3;4;5;6;8;9;10;11;
-1.0;3.67381906147e-16;0.0;85.0;-3.67381906147e-16;-1.0;0.0;272.679690876;0.0;0.0;1.0;-65.0;0.0;0.0;0.0;1.0;
True
---
L
1;2;3;4;5;6;8;10;11;
-1.0;-3.67381906147e-16;0.0;-145.0;3.67381906147e-16;-1.0;0.0;292.679690876;0.0;0.0;1.0;-25.0;0.0;0.0;0.0;1.0;
True
---
L
0;1;2;3;4;5;6;7;8;9;10;
1.83690953073e-16;-1.0;0.0;77.6796908757;1.0;1.83690953073e-16;0.0;310.0;0.0;0.0;1.0;-35.0;0.0;0.0;0.0;1.0;
True
---
L
0;1;2;3;4;7;8;9;10;11;
1.83690953073e-16;1.0;0.0;-127.679690876;-1.0;1.83690953073e-16;0.0;-100.0;0.0;0.0;1.0;-55.0;0.0;0.0;0.0;1.0;
True
---
L
0;2;3;4;5;6;7;8;10;11;
-1.0;-3.67381906147e-16;0.0;25.0;3.67381906147e-16;-1.0;0.0;262.679690876;0.0;0.0;1.0;-25.0;0.0;0.0;0.0;1.0;
True
---
L
0;1;2;3;4;5;6;8;9;10;11;
1.83690953073e-16;-1.0;0.0;47.6796908757;1.0;1.83690953073e-16;0.0;60.0;0.0;0.0;1.0;-35.0;0.0;0.0;0.0;1.0;
True
---
L
0;1;2;3;5;7;8;9;10;11;
1.83690953073e-16;-1.0;0.0;97.6796908757;1.0;1.83690953073e-16;0.0;-120.0;0.0;0.0;1.0;-35.0;0.0;0.0;0.0;1.0;
True
---
L
1;2;3;4;6;9;10;11;
-1.0;-3.67381906147e-16;0.0;165.0;3.67381906147e-16;-1.0;0.0;322.679690876;0.0;0.0;1.0;-25.0;0.0;0.0;0.0;1.0;
True
---
L
0;2;3;4;5;6;8;9;10;
1.0;0.0;0.0;35.0;0.0;1.0;0.0;67.3203091243;0.0;0.0;1.0;-45.0;0.0;0.0;0.0;1.0;
True
---
L
0;1;2;3;5;6;7;9;10;11;
1.83690953073e-16;-1.0;0.0;-32.3203091243;1.0;1.83690953073e-16;0.0;260.0;0.0;0.0;1.0;-35.0;0.0;0.0;0.0;1.0;
True
---
L
0;1;2;3;5;6;7;8;9;10;11;
1.83690953073e-16;1.0;0.0;-57.6796908757;-1.0;1.83690953073e-16;0.0;140.0;0.0;0.0;1.0;-55.0;0.0;0.0;0.0;1.0;
True
---
L
0;1;2;4;5;6;7;9;10;11;
1.83690953073e-16;-1.0;0.0;-22.3203091243;1.0;1.83690953073e-16;0.0;320.0;0.0;0.0;1.0;-35.0;0.0;0.0;0.0;1.0;
True
---
L
0;1;2;3;5;7;8;9;10;11;
1.83690953073e-16;-1.0;0.0;7.67969087568;1.0;1.83690953073e-16;0.0;10.0;0.0;0.0;1.0;-35.0;0.0;0.0;0.0;1.0;
True
---
L
1;2;3;4;5;6;7;8;9;10;
1.83690953073e-16;-1.0;0.0;187.679690876;1.0;1.83690953073e-16;0.0;230.0;0.0;0.0;1.0;-35.0;0.0;0.0;0.0;1.0;
True
---
L
0;1;2;3;4;5;6;8;9;10;
1.83690953073e-16;1.0;0.0;182.320309124;-1.0;1.83690953073e-16;0.0;-260.0;0.0;0.0;1.0;-55.0;0.0;0.0;0.0;1.0;
True
---
L
0;1;2;3;5;6;7;8;9;10;11;
1.83690953073e-16;1.0;0.0;-67.6796908757;-1.0;1.83690953073e-16;0.0;290.0;0.0;0.0;1.0;-55.0;0.0;0.0;0.0;1.0;
True
---
L
1;2;3;4;5;6;7;8;9;10;
-1.0;-3.67381906147e-16;0.0;145.0;3.67381906147e-16;-1.0;0.0;-57.3203091243;0.0;0.0;1.0;-25.0;0.0;0.0;0.0;1.0;
True
---
L
0;2;3;4;5;6;7;8;9;10;11;
1.83690953073e-16;1.0;0.0;-197.679690876;-1.0;1.83690953073e-16;0.0;1.7763568394e-15;0.0;0.0;1.0;-55.0;0.0;0.0;0.0;1.0;
True
---
L
0;1;2;3;4;5;6;7;8;9;11;
1.83690953073e-16;-1.0;0.0;187.679690876;1.0;1.83690953073e-16;0.0;-140.0;0.0;0.0;1.0;-35.0;0.0;0.0;0.0;1.0;
True
---
L
0;2;3;4;5;6;8;9;11;
1.0;0.0;0.0;135.0;0.0;1.0;0.0;-12.6796908757;0.0;0.0;1.0;-45.0;0.0;0.0;0.0;1.0;
True
---
L
0;1;5;6;7;8;9;10;11;
-1.0;3.67381906147e-16;0.0;-75.0;-3.67381906147e-16;-1.0;0.0;442.679690876;0.0;0.0;1.0;-65.0;0.0;0.0;0.0;1.0;
True
---
L
0;1;3;4;5;6;7;8;9;11;
-5.5107285922e-16;1.0;0.0;-77.6796908757;-1.0;-5.5107285922e-16;0.0;200.0;0.0;0.0;1.0;-15.0;0.0;0.0;0.0;1.0;
True
---
L
0;1;2;3;4;5;7;8;9;10;11;
1.0;0.0;0.0;185.0;0.0;1.0;0.0;197.320309124;0.0;0.0;1.0;-45.0;0.0;0.0;0.0;1.0;
True
---
L
0;1;3;4;5;6;7;8;9;10;
1.83690953073e-16;-1.0;0.0;27.6796908757;1.0;1.83690953073e-16;0.0;240.0;0.0;0.0;1.0;-35.0;0.0;0.0;0.0;1.0;
True
---
L
0;1;2;3;4;6;7;8;9;10;11;
1.83690953073e-16;1.0;0.0;-127.679690876;-1.0;1.83690953073e-16;0.0;-5.3290705182e-15;0.0;0.0;1.0;-55.0;0.0;0.0;0.0;1.0;
True
---
L
2;3;4;5;6;7;8;9;10;
1.83690953073e-16;-1.0;0.0;87.6796908757;1.0;1.83690953073e-16;0.0;90.0;0.0;0.0;1.0;-35.0;0.0;0.0;0.0;1.0;
True
---
L
0;1;2;3;5;8;10;11;
-1.0;-3.67381906147e-16;0.0;185.0;3.67381906147e-16;-1.0;0.0;392.679690876;0.0;0.0;1.0;-25.0;0.0;0.0;0.0;1.0;
True
---
L
0;2;4;5;6;7;9;11;
1.0;-7.34763812293e-16;0.0;55.0;7.34763812293e-16;1.0;0.0;137.320309124;0.0;0.0;1.0;-85.0;0.0;0.0;0.0;1.0;
True
---
L
0;1;2;3;4;5;6;7;9;10;11;
-1.0;-3.67381906147e-16;0.0;55.0;3.67381906147e-16;-1.0;0.0;-47.3203091243;0.0;0.0;1.0;-25.0;0.0;0.0;0.0;1.0;
True
---
L
0;2;3;4;5;6;7;8;10;11;
1.83690953073e-16;-1.0;0.0;287.679690876;1.0;1.83690953073e-16;0.0;-110.0;0.0;0.0;1.0;-35.0;0.0;0.0;0.0;1.0;
True
---
L
0;1;2;3;4;5;7;8;9;10;11;
1.83690953073e-16;-1.0;0.0;137.679690876;1.0;1.83690953073e-16;0.0;180.0;0.0;0.0;1.0;-35.0;0.0;0.0;0.0;1.0;
True
---
L
1;2;3;4;6;7;8;9;10;
1.83690953073e-16;1.0;0.0;-177.679690876;-1.0;1.83690953073e-16;0.0;-20.0;0.0;0.0;1.0;-55.0;0.0;0.0;0.0;1.0;
True
---
L
0;1;2;3;4;6;7;8;9;11;
1.83690953073e-16;1.0;0.0;32.3203091243;-1.0;1.83690953073e-16;0.0;240.0;0.0;0.0;1.0;-55.0;0.0;0.0;0.0;1.0;
True
---
L
0;1;2;5;6;7;9;10;11;
-1.0;-3.67381906147e-16;0.0;-105.0;3.67381906147e-16;-1.0;0.0;402.679690876;0.0;0.0;1.0;-25.0;0.0;0.0;0.0;1.0;
True
---
L
0;1;2;4;5;6;7;8;9;10;11;
1.83690953073e-16;1.0;0.0;82.3203091243;-1.0;1.83690953073e-16;0.0;-190.0;0.0;0.0;1.0;-55.0;0.0;0.0;0.0;1.0;
True
---
L
0;1;2;3;4;8;9;10;11;
1.0;0.0;0.0;225.0;0.0;1.0;0.0;177.320309124;0.0;0.0;1.0;-45.0;0.0;0.0;0.0;1.0;
True
---
L
0;1;2;3;4;6;7;8;9;10;11;
1.83690953073e-16;1.0;0.0;-217.679690876;-1.0;1.83690953073e-16;0.0;160.0;0.0;0.0;1.0;-55.0;0.0;0.0;0.0;1.0;
True
---
L
0;1;2;4;5;6;7;8;9;10;11;
1.83690953073e-16;1.0;0.0;-197.679690876;-1.0;1.83690953073e-16;0.0;190.0;0.0;0.0;1.0;-55.0;0.0;0.0;0.0;1.0;
True
---
L
0;1;2;8;9;10;11;
1.0;0.0;0.0;-75.0;0.0;1.0;0.0;-22.6796908757;0.0;0.0;1.0;-45.0;0.0;0.0;0.0;1.0;
True
---
L
0;1;2;4;5;6;7;8;10;11;
1.83690953073e-16;-1.0;0.0;57.6796908757;1.0;1.83690953073e-16;0.0;350.0;0.0;0.0;1.0;-35.0;0.0;0.0;0.0;1.0;
True
---
L
0;1;2;3;4;5;6;7;8;9;10;
-1.0;-3.67381906147e-16;0.0;25.0;3.67381906147e-16;-1.0;0.0;202.679690876;0.0;0.0;1.0;-25.0;0.0;0.0;0.0;1.0;
True
---
L
0;1;2;3;4;6;7;8;9;11;
-1.0;3.67381906147e-16;0.0;35.0;-3.67381906147e-16;-1.0;0.0;152.679690876;0.0;0.0;1.0;-65.0;0.0;0.0;0.0;1.0;
True
---
L
2;4;5;6;7;8;9;10;11;
1.83690953073e-16;1.0;0.0;-67.6796908757;-1.0;1.83690953073e-16;0.0;-100.0;0.0;0.0;1.0;-55.0;0.0;0.0;0.0;1.0;
True
---
L
0;1;2;4;5;6;7;8;10;11;
1.83690953073e-16;-1.0;0.0;247.679690876;1.0;1.83690953073e-16;0.0;350.0;0.0;0.0;1.0;-35.0;0.0;0.0;0.0;1.0;
True
---
L
0;2;3;4;5;6;7;8;9;10;11;
1.83690953073e-16;1.0;0.0;72.3203091243;-1.0;1.83690953073e-16;0.0;90.0;0.0;0.0;1.0;-55.0;0.0;0.0;0.0;1.0;
True
---
L
0;1;2;3;5;6;7;8;9;11;
1.83690953073e-16;-1.0;0.0;147.679690876;1.0;1.83690953073e-16;0.0;240.0;0.0;0.0;1.0;-35.0;0.0;0.0;0.0;1.0;
True
---
L
0;1;2;3;4;5;6;7;8;10;11;
1.83690953073e-16;-1.0;0.0;17.6796908757;1.0;1.83690953073e-16;0.0;70.0;0.0;0.0;1.0;-35.0;0.0;0.0;0.0;1.0;
True
---
L
0;1;2;3;5;6;7;9;10;11;
1.83690953073e-16;-1.0;0.0;277.679690876;1.0;1.83690953073e-16;0.0;-50.0;0.0;0.0;1.0;-35.0;0.0;0.0;0.0;1.0;
True
---
L
0;1;2;3;4;6;7;8;9;10;11;
1.83690953073e-16;1.0;0.0;152.320309124;-1.0;1.83690953073e-16;0.0;-80.0;0.0;0.0;1.0;-55.0;0.0;0.0;0.0;1.0;
True
---
L
0;1;2;3;4;7;8;9;10;11;
1.83690953073e-16;1.0;0.0;112.320309124;-1.0;1.83690953073e-16;0.0;-100.0;0.0;0.0;1.0;-55.0;0.0;0.0;0.0;1.0;
True
---
L
0;1;2;3;4;5;6;8;10;11;
1.0;0.0;0.0;-125.0;0.0;1.0;0.0;37.3203091243;0.0;0.0;1.0;-45.0;0.0;0.0;0.0;1.0;
True
---
L
0;1;3;4;5;6;7;8;9;10;11;
1.83690953073e-16;1.0;0.0;92.3203091243;-1.0;1.83690953073e-16;0.0;120.0;0.0;0.0;1.0;-55.0;0.0;0.0;0.0;1.0;
True
---
L
0;1;3;4;5;6;9;10;11;
1.83690953073e-16;-1.0;0.0;117.679690876;1.0;1.83690953073e-16;0.0;-150.0;0.0;0.0;1.0;-35.0;0.0;0.0;0.0;1.0;
True
---
L
0;1;2;4;5;6;7;8;10;11;
-5.5107285922e-16;1.0;0.0;92.3203091243;-1.0;-5.5107285922e-16;0.0;300.0;0.0;0.0;1.0;-15.0;0.0;0.0;0.0;1.0;
True
---
L
0;1;2;3;4;6;8;9;10;11;
-1.0;-3.67381906147e-16;0.0;-125.0;3.67381906147e-16;-1.0;0.0;332.679690876;0.0;0.0;1.0;-25.0;0.0;0.0;0.0;1.0;
True
---
L
0;1;2;3;4;6;7;8;9;10;11;
1.83690953073e-16;1.0;0.0;72.3203091243;-1.0;1.83690953073e-16;0.0;50.0;0.0;0.0;1.0;-55.0;0.0;0.0;0.0;1.0;
True
---
L
0;1;2;3;4;6;7;8;9;10;11;
1.83690953073e-16;1.0;0.0;62.3203091243;-1.0;1.83690953073e-16;0.0;140.0;0.0;0.0;1.0;-55.0;0.0;0.0;0.0;1.0;
True
---
L
0;1;2;3;5;6;7;8;9;10;11;
-1.0;3.67381906147e-16;0.0;-65.0;-3.67381906147e-16;-1.0;0.0;72.6796908757;0.0;0.0;1.0;-65.0;0.0;0.0;0.0;1.0;
True
---
L
0;1;2;3;4;5;7;8;9;10;11;
-1.0;-3.67381906147e-16;0.0;-35.0;3.67381906147e-16;-1.0;0.0;-7.32030912432;0.0;0.0;1.0;-25.0;0.0;0.0;0.0;1.0;
True
---
L
0;1;2;3;5;6;7;8;9;10;11;
1.83690953073e-16;1.0;0.0;-97.6796908757;-1.0;1.83690953073e-16;0.0;-120.0;0.0;0.0;1.0;-55.0;0.0;0.0;0.0;1.0;
True
---
L
0;1;2;4;7;8;9;10;11;
1.83690953073e-16;-1.0;0.0;217.679690876;1.0;1.83690953073e-16;0.0;-260.0;0.0;0.0;1.0;-35.0;0.0;0.0;0.0;1.0;
True
---
L
0;1;2;3;4;5;6;8;9;10;11;
-1.0;-3.67381906147e-16;0.0;45.0;3.67381906147e-16;-1.0;0.0;-77.3203091243;0.0;0.0;1.0;-25.0;0.0;0.0;0.0;1.0;
True
---
L
0;1;2;3;4;5;6;8;9;10;11;
1.0;0.0;0.0;15.0;0.0;1.0;0.0;-22.6796908757;0.0;0.0;1.0;-45.0;0.0;0.0;0.0;1.0;
True
---
L
0;1;2;3;4;5;6;8;9;11;
1.83690953073e-16;-1.0;0.0;247.679690876;1.0;1.83690953073e-16;0.0;270.0;0.0;0.0;1.0;-35.0;0.0;0.0;0.0;1.0;
True
---
L
0;1;2;3;4;5;6;8;9;10;11;
1.83690953073e-16;-1.0;0.0;137.679690876;1.0;1.83690953073e-16;0.0;250.0;0.0;0.0;1.0;-35.0;0.0;0.0;0.0;1.0;
True
---
L
0;1;2;3;4;5;6;7;8;9;11;
1.83690953073e-16;-1.0;0.0;297.679690876;1.0;1.83690953073e-16;0.0;-3.5527136788e-15;0.0;0.0;1.0;-35.0;0.0;0.0;0.0;1.0;
True
---
L
0;1;3;4;5;6;8;9;10;11;
1.83690953073e-16;1.0;0.0;82.3203091243;-1.0;1.83690953073e-16;0.0;-70.0;0.0;0.0;1.0;-55.0;0.0;0.0;0.0;1.0;
True
---
L
0;1;2;3;4;8;9;10;11;
-1.0;-3.67381906147e-16;0.0;-85.0;3.67381906147e-16;-1.0;0.0;72.6796908757;0.0;0.0;1.0;-25.0;0.0;0.0;0.0;1.0;
True
---
L
0;2;3;4;5;6;8;9;10;11;
1.83690953073e-16;1.0;0.0;-247.679690876;-1.0;1.83690953073e-16;0.0;210.0;0.0;0.0;1.0;-55.0;0.0;0.0;0.0;1.0;
True
---
L
0;1;2;4;5;6;7;8;9;10;11;
1.83690953073e-16;1.0;0.0;132.320309124;-1.0;1.83690953073e-16;0.0;-180.0;0.0;0.0;1.0;-55.0;0.0;0.0;0.0;1.0;
True
---
L
1;3;4;5;6;7;9;10;11;
-1.0;3.67381906147e-16;0.0;255.0;-3.67381906147e-16;-1.0;0.0;-207.320309124;0.0;0.0;1.0;-65.0;0.0;0.0;0.0;1.0;
True
---
L
1;2;3;4;5;6;7;10;11;
1.83690953073e-16;-1.0;0.0;27.6796908757;1.0;1.83690953073e-16;0.0;-110.0;0.0;0.0;1.0;-35.0;0.0;0.0;0.0;1.0;
True
---
L
0;1;2;3;4;6;7;8;9;10;11;
1.0;0.0;0.0;145.0;0.0;1.0;0.0;-42.6796908757;0.0;0.0;1.0;-45.0;0.0;0.0;0.0;1.0;
True
---
L
0;1;2;3;4;5;7;8;9;10;11;
-1.0;-3.67381906147e-16;0.0;-45.0;3.67381906147e-16;-1.0;0.0;302.679690876;0.0;0.0;1.0;-25.0;0.0;0.0;0.0;1.0;
True
---
L
0;1;2;3;5;6;7;8;11;
1.83690953073e-16;-1.0;0.0;217.679690876;1.0;1.83690953073e-16;0.0;380.0;0.0;0.0;1.0;-35.0;0.0;0.0;0.0;1.0;
True
---
L
0;1;2;3;4;5;6;7;11;
1.0;0.0;0.0;-15.0;0.0;1.0;0.0;-182.679690876;0.0;0.0;1.0;-45.0;0.0;0.0;0.0;1.0;
True
---
L
0;1;2;3;4;5;6;7;8;9;10;
1.83690953073e-16;1.0;0.0;-217.679690876;-1.0;1.83690953073e-16;0.0;260.0;0.0;0.0;1.0;-55.0;0.0;0.0;0.0;1.0;
True
---
L
0;3;4;5;6;7;9;10;11;
1.0;0.0;0.0;125.0;0.0;1.0;0.0;307.320309124;0.0;0.0;1.0;-45.0;0.0;0.0;0.0;1.0;
True
---
L
0;1;2;3;4;5;6;7;8;9;11;
1.83690953073e-16;-1.0;0.0;227.679690876;1.0;1.83690953073e-16;0.0;-250.0;0.0;0.0;1.0;-35.0;0.0;0.0;0.0;1.0;
True
---
L
0;1;2;3;4;5;7;8;9;10;11;
1.83690953073e-16;-1.0;0.0;127.679690876;1.0;1.83690953073e-16;0.0;-250.0;0.0;0.0;1.0;-35.0;0.0;0.0;0.0;1.0;
True
---
L
0;1;2;3;4;5;6;7;9;10;11;
-5.5107285922e-16;1.0;0.0;-187.679690876;-1.0;-5.5107285922e-16;0.0;310.0;0.0;0.0;1.0;-15.0;0.0;0.0;0.0;1.0;
True
---
L
0;1;2;3;4;5;7;8;10;11;
1.83690953073e-16;-1.0;0.0;237.679690876;1.0;1.83690953073e-16;0.0;410.0;0.0;0.0;1.0;-35.0;0.0;0.0;0.0;1.0;
True
---
L
1;2;3;4;5;6;7;8;9;10;11;
1.0;0.0;0.0;-95.0;0.0;1.0;0.0;157.320309124;0.0;0.0;1.0;-45.0;0.0;0.0;0.0;1.0;
True
---
L
0;1;2;3;4;5;6;7;9;10;11;
1.83690953073e-16;-1.0;0.0;347.679690876;1.0;1.83690953073e-16;0.0;-60.0;0.0;0.0;1.0;-35.0;0.0;0.0;0.0;1.0;
True
---
L
0;1;2;3;4;5;6;7;9;10;11;
-1.0;-3.67381906147e-16;0.0;-75.0;3.67381906147e-16;-1.0;0.0;162.679690876;0.0;0.0;1.0;-25.0;0.0;0.0;0.0;1.0;
True
---
L
0;1;2;3;5;6;7;8;9;10;11;
1.83690953073e-16;1.0;0.0;-227.679690876;-1.0;1.83690953073e-16;0.0;60.0;0.0;0.0;1.0;-55.0;0.0;0.0;0.0;1.0;
True
---
L
0;1;2;3;4;6;7;8;9;10;11;
-1.0;3.67381906147e-16;0.0;85.0;-3.67381906147e-16;-1.0;0.0;-97.3203091243;0.0;0.0;1.0;-65.0;0.0;0.0;0.0;1.0;
True
---
L
0;1;3;4;5;6;7;9;10;11;
-1.0;3.67381906147e-16;0.0;35.0;-3.67381906147e-16;-1.0;0.0;272.679690876;0.0;0.0;1.0;-65.0;0.0;0.0;0.0;1.0;
True
---
L
0;1;2;3;4;5;7;8;10;11;
-5.5107285922e-16;1.0;0.0;-97.6796908757;-1.0;-5.5107285922e-16;0.0;60.0;0.0;0.0;1.0;-15.0;0.0;0.0;0.0;1.0;
True
---
L
0;2;3;4;5;6;7;8;9;10;11;
1.83690953073e-16;1.0;0.0;-257.679690876;-1.0;1.83690953073e-16;0.0;300.0;0.0;0.0;1.0;-55.0;0.0;0.0;0.0;1.0;
True
---
L
0;1;2;3;4;5;6;7;8;9;10;
-5.5107285922e-16;1.0;0.0;52.3203091243;-1.0;-5.5107285922e-16;0.0;270.0;0.0;0.0;1.0;-15.0;0.0;0.0;0.0;1.0;
True
---
L
0;1;2;4;5;6;7;8;9;10;11;
1.0;0.0;0.0;145.0;0.0;1.0;0.0;327.320309124;0.0;0.0;1.0;-45.0;0.0;0.0;0.0;1.0;
True
---
L
0;1;2;3;4;5;6;8;9;10;11;
1.83690953073e-16;-1.0;0.0;47.6796908757;1.0;1.83690953073e-16;0.0;-100.0;0.0;0.0;1.0;-35.0;0.0;0.0;0.0;1.0;
True
---
L
0;1;3;4;5;6;7;8;9;10;11;
1.83690953073e-16;1.0;0.0;-107.679690876;-1.0;1.83690953073e-16;0.0;270.0;0.0;0.0;1.0;-55.0;0.0;0.0;0.0;1.0;
True
---
L
0;1;2;3;4;5;6;8;9;10;11;
1.83690953073e-16;-1.0;0.0;177.679690876;1.0;1.83690953073e-16;0.0;-20.0;0.0;0.0;1.0;-35.0;0.0;0.0;0.0;1.0;
True
---
L
0;1;2;3;4;5;6;7;8;9;11;
1.83690953073e-16;-1.0;0.0;167.679690876;1.0;1.83690953073e-16;0.0;-210.0;0.0;0.0;1.0;-35.0;0.0;0.0;0.0;1.0;
True
---
L
0;1;3;4;5;6;7;8;9;11;
1.83690953073e-16;1.0;0.0;-97.6796908757;-1.0;1.83690953073e-16;0.0;-70.0;0.0;0.0;1.0;-55.0;0.0;0.0;0.0;1.0;
True
---
L
0;1;3;5;6;7;8;9;10;11;
1.83690953073e-16;1.0;0.0;202.320309124;-1.0;1.83690953073e-16;0.0;-190.0;0.0;0.0;1.0;-55.0;0.0;0.0;0.0;1.0;
True
---
L
0;1;2;3;4;5;6;8;9;10;11;
-1.0;-3.67381906147e-16;0.0;-115.0;3.67381906147e-16;-1.0;0.0;292.679690876;0.0;0.0;1.0;-25.0;0.0;0.0;0.0;1.0;
True
---
L
0;1;2;4;5;6;7;8;9;10;11;
1.83690953073e-16;-1.0;0.0;267.679690876;1.0;1.83690953073e-16;0.0;300.0;0.0;0.0;1.0;-35.0;0.0;0.0;0.0;1.0;
True
---
L
0;1;2;3;4;5;7;8;9;10;11;
1.83690953073e-16;-1.0;0.0;7.67969087568;1.0;1.83690953073e-16;0.0;-90.0;0.0;0.0;1.0;-35.0;0.0;0.0;0.0;1.0;
True
---
L
0;1;2;4;5;6;7;9;10;11;
-1.0;-3.67381906147e-16;0.0;225.0;3.67381906147e-16;-1.0;0.0;-27.3203091243;0.0;0.0;1.0;-25.0;0.0;0.0;0.0;1.0;
True
---
L
0;1;2;3;5;6;7;8;9;10;11;
1.83690953073e-16;-1.0;0.0;277.679690876;1.0;1.83690953073e-16;0.0;320.0;0.0;0.0;1.0;-35.0;0.0;0.0;0.0;1.0;
True
---
L
0;1;2;3;4;5;6;8;9;10;11;
-1.0;-3.67381906147e-16;0.0;135.0;3.67381906147e-16;-1.0;0.0;302.679690876;0.0;0.0;1.0;-25.0;0.0;0.0;0.0;1.0;
True
---
L
1;2;3;4;5;6;8;9;10;11;
-1.0;3.67381906147e-16;0.0;45.0;-3.67381906147e-16;-1.0;0.0;102.679690876;0.0;0.0;1.0;-65.0;0.0;0.0;0.0;1.0;
True
---
L
0;1;2;3;4;6;7;8;9;10;11;
-5.5107285922e-16;-1.0;0.0;137.679690876;1.0;-5.5107285922e-16;0.0;50.0;0.0;0.0;1.0;-75.0;0.0;0.0;0.0;1.0;
True
---
L
1;3;4;5;6;7;8;9;10;11;
1.83690953073e-16;1.0;0.0;32.3203091243;-1.0;1.83690953073e-16;0.0;-160.0;0.0;0.0;1.0;-55.0;0.0;0.0;0.0;1.0;
True
---
L
0;2;3;4;5;6;7;8;9;10;11;
1.83690953073e-16;1.0;0.0;52.3203091243;-1.0;1.83690953073e-16;0.0;320.0;0.0;0.0;1.0;-55.0;0.0;0.0;0.0;1.0;
True
---
L
1;2;3;4;5;6;7;8;10;11;
1.83690953073e-16;-1.0;0.0;217.679690876;1.0;1.83690953073e-16;0.0;80.0;0.0;0.0;1.0;-35.0;0.0;0.0;0.0;1.0;
True
---
L
0;1;2;3;5;7;8;10;11;
1.83690953073e-16;1.0;0.0;-57.6796908757;-1.0;1.83690953073e-16;0.0;-110.0;0.0;0.0;1.0;-55.0;0.0;0.0;0.0;1.0;
True
---
L
0;1;2;3;4;5;6;8;9;11;
1.83690953073e-16;-1.0;0.0;77.6796908757;1.0;1.83690953073e-16;0.0;160.0;0.0;0.0;1.0;-35.0;0.0;0.0;0.0;1.0;
True
---
L
0;1;2;3;4;5;7;8;9;10;11;
1.83690953073e-16;-1.0;0.0;-92.3203091243;1.0;1.83690953073e-16;0.0;260.0;0.0;0.0;1.0;-35.0;0.0;0.0;0.0;1.0;
True
---
L
0;1;2;3;5;6;8;9;10;11;
-1.0;-3.67381906147e-16;0.0;65.0;3.67381906147e-16;-1.0;0.0;372.679690876;0.0;0.0;1.0;-25.0;0.0;0.0;0.0;1.0;
True
---
L
0;1;2;3;4;5;6;8;9;10;11;
1.0;0.0;0.0;265.0;0.0;1.0;0.0;-62.6796908757;0.0;0.0;1.0;-45.0;0.0;0.0;0.0;1.0;
True
---
L
0;1;2;3;4;5;7;8;10;11;
1.83690953073e-16;1.0;0.0;192.320309124;-1.0;1.83690953073e-16;0.0;-280.0;0.0;0.0;1.0;-55.0;0.0;0.0;0.0;1.0;
True
---
L
1;2;3;4;5;6;7;8;9;10;11;
1.83690953073e-16;1.0;0.0;112.320309124;-1.0;1.83690953073e-16;0.0;20.0;0.0;0.0;1.0;-55.0;0.0;0.0;0.0;1.0;
True
---
L
0;1;2;3;4;5;6;8;9;10;
1.83690953073e-16;-1.0;0.0;-12.3203091243;1.0;1.83690953073e-16;0.0;30.0;0.0;0.0;1.0;-35.0;0.0;0.0;0.0;1.0;
True
---
L
0;1;2;3;4;6;7;8;9;10;11;
1.83690953073e-16;1.0;0.0;-157.679690876;-1.0;1.83690953073e-16;0.0;-70.0;0.0;0.0;1.0;-55.0;0.0;0.0;0.0;1.0;
True
---
L
0;2;3;4;5;6;7;8;9;10;11;
1.83690953073e-16;1.0;0.0;102.320309124;-1.0;1.83690953073e-16;0.0;-120.0;0.0;0.0;1.0;-55.0;0.0;0.0;0.0;1.0;
True
---
L
0;3;4;5;6;7;9;10;
-1.0;-3.67381906147e-16;0.0;115.0;3.67381906147e-16;-1.0;0.0;-177.320309124;0.0;0.0;1.0;-25.0;0.0;0.0;0.0;1.0;
True
---
L
0;1;2;3;4;5;6;7;8;9;10;
1.0;7.34763812293e-16;0.0;175.0;-7.34763812293e-16;1.0;0.0;187.320309124;0.0;0.0;1.0;-5.0;0.0;0.0;0.0;1.0;
True
---
L
0;1;2;4;5;6;7;8;9;10;11;
9.18454765367e-16;1.0;0.0;-27.6796908757;-1.0;9.18454765367e-16;0.0;220.0;0.0;0.0;1.0;-95.0;0.0;0.0;0.0;1.0;
True
---
L
0;1;2;4;5;6;7;8;9;10;11;
-1.0;3.67381906147e-16;0.0;65.0;-3.67381906147e-16;-1.0;0.0;412.679690876;0.0;0.0;1.0;-65.0;0.0;0.0;0.0;1.0;
True
---
L
0;1;3;4;5;6;8;9;10;11;
-1.0;-3.67381906147e-16;0.0;-85.0;3.67381906147e-16;-1.0;0.0;282.679690876;0.0;0.0;1.0;-25.0;0.0;0.0;0.0;1.0;
True
---
L
0;1;2;4;5;6;7;8;9;10;11;
1.83690953073e-16;1.0;0.0;222.320309124;-1.0;1.83690953073e-16;0.0;-230.0;0.0;0.0;1.0;-55.0;0.0;0.0;0.0;1.0;
True
---
L
0;1;2;3;4;6;7;8;9;10;11;
-5.5107285922e-16;-1.0;0.0;7.67969087568;1.0;-5.5107285922e-16;0.0;340.0;0.0;0.0;1.0;-75.0;0.0;0.0;0.0;1.0;
True
---
L
0;1;2;3;6;7;8;9;10;11;
-1.0;3.67381906147e-16;0.0;175.0;-3.67381906147e-16;-1.0;0.0;-7.32030912432;0.0;0.0;1.0;-65.0;0.0;0.0;0.0;1.0;
True
---
L
0;1;2;3;4;5;6;7;8;10;11;
1.83690953073e-16;-1.0;0.0;67.6796908757;1.0;1.83690953073e-16;0.0;-60.0;0.0;0.0;1.0;-35.0;0.0;0.0;0.0;1.0;
True
---
L
0;1;2;3;4;5;6;7;8;10;11;
1.0;7.34763812293e-16;0.0;-5.0;-7.34763812293e-16;1.0;0.0;107.320309124;0.0;0.0;1.0;-5.0;0.0;0.0;0.0;1.0;
True
---
L
0;1;2;3;4;5;7;8;9;10;11;
1.83690953073e-16;-1.0;0.0;-12.3203091243;1.0;1.83690953073e-16;0.0;60.0;0.0;0.0;1.0;-35.0;0.0;0.0;0.0;1.0;
True
---
L
0;1;2;4;5;6;7;8;9;10;
-1.0;-3.67381906147e-16;0.0;-5.0;3.67381906147e-16;-1.0;0.0;-47.3203091243;0.0;0.0;1.0;-25.0;0.0;0.0;0.0;1.0;
True
---
L
1;2;3;4;5;6;8;9;10;11;
1.83690953073e-16;1.0;0.0;142.320309124;-1.0;1.83690953073e-16;0.0;-10.0;0.0;0.0;1.0;-55.0;0.0;0.0;0.0;1.0;
True
---
L
0;1;3;4;5;6;8;9;10;11;
1.0;0.0;0.0;-45.0;0.0;1.0;0.0;137.320309124;0.0;0.0;1.0;-45.0;0.0;0.0;0.0;1.0;
True
---
L
0;1;3;4;5;6;7;9;10;11;
1.0;0.0;0.0;295.0;0.0;1.0;0.0;-272.679690876;0.0;0.0;1.0;-45.0;0.0;0.0;0.0;1.0;
True
---
L
0;1;2;3;4;6;7;8;9;10;11;
-5.5107285922e-16;-1.0;0.0;357.679690876;1.0;-5.5107285922e-16;0.0;-290.0;0.0;0.0;1.0;-75.0;0.0;0.0;0.0;1.0;
True
---
L
0;2;3;4;5;6;7;8;9;10;
-5.5107285922e-16;1.0;0.0;32.3203091243;-1.0;-5.5107285922e-16;0.0;-110.0;0.0;0.0;1.0;-15.0;0.0;0.0;0.0;1.0;
True
---
L
0;1;2;3;4;5;6;7;9;10;11;
1.83690953073e-16;-1.0;0.0;-102.320309124;1.0;1.83690953073e-16;0.0;320.0;0.0;0.0;1.0;-35.0;0.0;0.0;0.0;1.0;
True
---
L
1;3;4;5;6;8;9;10;11;
-5.5107285922e-16;-1.0;0.0;277.679690876;1.0;-5.5107285922e-16;0.0;-90.0;0.0;0.0;1.0;-75.0;0.0;0.0;0.0;1.0;
True
---
L
0;2;3;4;5;6;7;8;9;10;11;
-1.0;3.67381906147e-16;0.0;215.0;-3.67381906147e-16;-1.0;0.0;52.6796908757;0.0;0.0;1.0;-65.0;0.0;0.0;0.0;1.0;
True
---
L
0;1;3;4;5;6;7;9;10;11;
1.83690953073e-16;-1.0;0.0;307.679690876;1.0;1.83690953073e-16;0.0;100.0;0.0;0.0;1.0;-35.0;0.0;0.0;0.0;1.0;
True
---
L
0;1;3;4;5;6;7;8;10;
1.0;0.0;0.0;-155.0;0.0;1.0;0.0;37.3203091243;0.0;0.0;1.0;-45.0;0.0;0.0;0.0;1.0;
True
---
L
0;1;2;3;5;6;7;8;9;10;11;
-1.0;3.67381906147e-16;0.0;285.0;-3.67381906147e-16;-1.0;0.0;-187.320309124;0.0;0.0;1.0;-65.0;0.0;0.0;0.0;1.0;
True
---
L
0;1;2;3;4;5;6;7;9;10;11;
-1.0;-3.67381906147e-16;0.0;35.0;3.67381906147e-16;-1.0;0.0;172.679690876;0.0;0.0;1.0;-25.0;0.0;0.0;0.0;1.0;
True
---
L
1;2;3;4;5;6;7;8;9;11;
1.83690953073e-16;1.0;0.0;-117.679690876;-1.0;1.83690953073e-16;0.0;90.0;0.0;0.0;1.0;-55.0;0.0;0.0;0.0;1.0;
True
---
L
0;1;5;6;7;8;10;11;
-1.0;-3.67381906147e-16;0.0;-15.0;3.67381906147e-16;-1.0;0.0;-67.3203091243;0.0;0.0;1.0;-25.0;0.0;0.0;0.0;1.0;
True
---
L
0;1;2;3;4;5;6;7;8;9;10;
1.0;0.0;0.0;135.0;0.0;1.0;0.0;-322.679690876;0.0;0.0;1.0;-45.0;0.0;0.0;0.0;1.0;
True
---
L
0;1;2;3;4;5;7;8;9;10;11;
-5.5107285922e-16;1.0;0.0;-167.679690876;-1.0;-5.5107285922e-16;0.0;320.0;0.0;0.0;1.0;-15.0;0.0;0.0;0.0;1.0;
True
---
L
0;1;2;3;4;6;7;8;9;10;11;
1.83690953073e-16;1.0;0.0;42.3203091243;-1.0;1.83690953073e-16;0.0;110.0;0.0;0.0;1.0;-55.0;0.0;0.0;0.0;1.0;
True
---
L
0;1;2;3;4;5;6;7;8;10;
-5.5107285922e-16;1.0;0.0;-107.679690876;-1.0;-5.5107285922e-16;0.0;-140.0;0.0;0.0;1.0;-15.0;0.0;0.0;0.0;1.0;
True
---
L
0;1;3;4;5;6;7;8;9;10;11;
1.83690953073e-16;1.0;0.0;-47.6796908757;-1.0;1.83690953073e-16;0.0;-20.0;0.0;0.0;1.0;-55.0;0.0;0.0;0.0;1.0;
True
---
L
0;1;2;3;4;5;6;7;8;10;11;
-5.5107285922e-16;1.0;0.0;22.3203091243;-1.0;-5.5107285922e-16;0.0;-240.0;0.0;0.0;1.0;-15.0;0.0;0.0;0.0;1.0;
True
---
L
0;1;2;3;4;6;7;9;11;
1.83690953073e-16;1.0;0.0;-177.679690876;-1.0;1.83690953073e-16;0.0;40.0;0.0;0.0;1.0;-55.0;0.0;0.0;0.0;1.0;
True
---
L
0;1;2;3;4;5;6;7;8;10;11;
-5.5107285922e-16;1.0;0.0;132.320309124;-1.0;-5.5107285922e-16;0.0;-110.0;0.0;0.0;1.0;-15.0;0.0;0.0;0.0;1.0;
True
---
L
0;2;3;4;5;6;7;8;9;11;
-1.0;-3.67381906147e-16;0.0;85.0;3.67381906147e-16;-1.0;0.0;62.6796908757;0.0;0.0;1.0;-25.0;0.0;0.0;0.0;1.0;
True
---
L
0;1;2;3;4;5;6;8;9;10;11;
-5.5107285922e-16;1.0;0.0;-87.6796908757;-1.0;-5.5107285922e-16;0.0;-160.0;0.0;0.0;1.0;-15.0;0.0;0.0;0.0;1.0;
True
---
L
0;1;2;4;5;6;8;9;10;
-1.0;3.67381906147e-16;0.0;5.0;-3.67381906147e-16;-1.0;0.0;12.6796908757;0.0;0.0;1.0;-65.0;0.0;0.0;0.0;1.0;
True
---
L
0;1;3;4;5;6;7;8;9;10;11;
-1.0;3.67381906147e-16;0.0;85.0;-3.67381906147e-16;-1.0;0.0;402.679690876;0.0;0.0;1.0;-65.0;0.0;0.0;0.0;1.0;
True
---
L
0;1;2;3;4;5;6;7;8;10;11;
1.0;0.0;0.0;105.0;0.0;1.0;0.0;-252.679690876;0.0;0.0;1.0;-45.0;0.0;0.0;0.0;1.0;
True
---
L
0;3;4;5;6;7;8;9;10;11;
1.83690953073e-16;-1.0;0.0;-22.3203091243;1.0;1.83690953073e-16;0.0;-1.24344978758e-14;0.0;0.0;1.0;-35.0;0.0;0.0;0.0;1.0;
True
---
L
1;2;3;4;5;6;7;8;9;10;11;
1.83690953073e-16;1.0;0.0;102.320309124;-1.0;1.83690953073e-16;0.0;360.0;0.0;0.0;1.0;-55.0;0.0;0.0;0.0;1.0;
True
---
L
0;1;2;3;4;5;6;7;8;9;10;
-5.5107285922e-16;1.0;0.0;-157.679690876;-1.0;-5.5107285922e-16;0.0;100.0;0.0;0.0;1.0;-15.0;0.0;0.0;0.0;1.0;
True
---
L
0;1;2;3;4;5;6;8;9;10;11;
-5.5107285922e-16;1.0;0.0;-157.679690876;-1.0;-5.5107285922e-16;0.0;-30.0;0.0;0.0;1.0;-15.0;0.0;0.0;0.0;1.0;
True
---
L
0;2;3;4;5;6;7;8;9;10;11;
1.83690953073e-16;1.0;0.0;-127.679690876;-1.0;1.83690953073e-16;0.0;140.0;0.0;0.0;1.0;-55.0;0.0;0.0;0.0;1.0;
True
---
L
0;1;3;4;6;7;8;9;10;
1.83690953073e-16;1.0;0.0;-77.6796908757;-1.0;1.83690953073e-16;0.0;300.0;0.0;0.0;1.0;-55.0;0.0;0.0;0.0;1.0;
True
---
L
0;1;2;4;5;6;7;9;10;11;
1.83690953073e-16;1.0;0.0;22.3203091243;-1.0;1.83690953073e-16;0.0;340.0;0.0;0.0;1.0;-55.0;0.0;0.0;0.0;1.0;
True
---
L
0;1;3;4;5;6;7;8;9;10;11;
1.83690953073e-16;1.0;0.0;152.320309124;-1.0;1.83690953073e-16;0.0;250.0;0.0;0.0;1.0;-55.0;0.0;0.0;0.0;1.0;
True
---
L
1;2;3;4;6;7;8;9;10;11;
1.83690953073e-16;1.0;0.0;102.320309124;-1.0;1.83690953073e-16;0.0;150.0;0.0;0.0;1.0;-55.0;0.0;0.0;0.0;1.0;
True
---
L
0;1;2;4;5;6;7;8;9;10;11;
9.18454765367e-16;1.0;0.0;-7.67969087568;-1.0;9.18454765367e-16;0.0;250.0;0.0;0.0;1.0;-95.0;0.0;0.0;0.0;1.0;
True
---
L
0;1;2;3;4;5;6;7;8;9;10;
1.83690953073e-16;-1.0;0.0;187.679690876;1.0;1.83690953073e-16;0.0;-90.0;0.0;0.0;1.0;-35.0;0.0;0.0;0.0;1.0;
True
---
L
0;1;2;3;4;5;7;8;9;10;11;
-5.5107285922e-16;1.0;0.0;22.3203091243;-1.0;-5.5107285922e-16;0.0;3.19744231092e-14;0.0;0.0;1.0;-15.0;0.0;0.0;0.0;1.0;
True
---
L
1;2;4;5;7;8;9;10;11;
1.83690953073e-16;-1.0;0.0;287.679690876;1.0;1.83690953073e-16;0.0;50.0;0.0;0.0;1.0;-35.0;0.0;0.0;0.0;1.0;
True
---
L
1;2;3;4;5;6;7;8;9;10;11;
1.83690953073e-16;1.0;0.0;-117.679690876;-1.0;1.83690953073e-16;0.0;160.0;0.0;0.0;1.0;-55.0;0.0;0.0;0.0;1.0;
True
---
L
0;1;2;3;4;6;7;8;9;10;11;
1.0;0.0;0.0;145.0;0.0;1.0;0.0;167.320309124;0.0;0.0;1.0;-45.0;0.0;0.0;0.0;1.0;
True
---
L
0;1;2;3;4;5;6;7;8;10;11;
1.83690953073e-16;-1.0;0.0;267.679690876;1.0;1.83690953073e-16;0.0;390.0;0.0;0.0;1.0;-35.0;0.0;0.0;0.0;1.0;
True
---
L
0;1;2;3;4;5;7;8;10;11;
1.83690953073e-16;-1.0;0.0;27.6796908757;1.0;1.83690953073e-16;0.0;400.0;0.0;0.0;1.0;-35.0;0.0;0.0;0.0;1.0;
True
---
L
1;3;4;8;9;10;11;
-1.0;3.67381906147e-16;0.0;-175.0;-3.67381906147e-16;-1.0;0.0;282.679690876;0.0;0.0;1.0;-65.0;0.0;0.0;0.0;1.0;
True
---
L
0;1;3;4;5;6;7;8;9;10;11;
1.0;0.0;0.0;5.0;0.0;1.0;0.0;87.3203091243;0.0;0.0;1.0;-45.0;0.0;0.0;0.0;1.0;
True
---
L
0;1;2;3;4;5;6;7;8;10;11;
-5.5107285922e-16;1.0;0.0;-177.679690876;-1.0;-5.5107285922e-16;0.0;210.0;0.0;0.0;1.0;-15.0;0.0;0.0;0.0;1.0;
True
---
L
0;1;2;3;4;5;7;8;9;10;11;
-1.0;-3.67381906147e-16;0.0;55.0;3.67381906147e-16;-1.0;0.0;302.679690876;0.0;0.0;1.0;-25.0;0.0;0.0;0.0;1.0;
True
---
L
0;1;2;3;4;6;7;8;9;10;11;
1.0;0.0;0.0;-65.0;0.0;1.0;0.0;-212.679690876;0.0;0.0;1.0;-45.0;0.0;0.0;0.0;1.0;
True
---
L
0;1;2;3;4;5;6;7;8;10;11;
1.83690953073e-16;-1.0;0.0;197.679690876;1.0;1.83690953073e-16;0.0;-10.0;0.0;0.0;1.0;-35.0;0.0;0.0;0.0;1.0;
True
---
L
0;1;2;3;4;5;6;7;8;10;11;
1.83690953073e-16;-1.0;0.0;137.679690876;1.0;1.83690953073e-16;0.0;70.0;0.0;0.0;1.0;-35.0;0.0;0.0;0.0;1.0;
True
---
L
0;1;2;3;4;5;6;7;8;9;10;
-1.0;-3.67381906147e-16;0.0;-55.0;3.67381906147e-16;-1.0;0.0;322.679690876;0.0;0.0;1.0;-25.0;0.0;0.0;0.0;1.0;
True
---
L
0;1;2;3;4;5;6;7;8;10;11;
1.83690953073e-16;-1.0;0.0;-42.3203091243;1.0;1.83690953073e-16;0.0;-20.0;0.0;0.0;1.0;-35.0;0.0;0.0;0.0;1.0;
True
---
L
0;1;2;3;4;5;6;8;9;10;11;
1.83690953073e-16;1.0;0.0;-247.679690876;-1.0;1.83690953073e-16;0.0;180.0;0.0;0.0;1.0;-55.0;0.0;0.0;0.0;1.0;
True
---
L
0;1;3;4;5;6;7;8;9;10;11;
1.0;-7.34763812293e-16;0.0;95.0;7.34763812293e-16;1.0;0.0;127.320309124;0.0;0.0;1.0;-85.0;0.0;0.0;0.0;1.0;
True
---
L
0;1;2;3;4;5;6;7;9;10;11;
1.83690953073e-16;1.0;0.0;212.320309124;-1.0;1.83690953073e-16;0.0;-240.0;0.0;0.0;1.0;-55.0;0.0;0.0;0.0;1.0;
True
---
L
0;1;3;4;5;6;7;8;9;11;
-1.0;-3.67381906147e-16;0.0;165.0;3.67381906147e-16;-1.0;0.0;452.679690876;0.0;0.0;1.0;-25.0;0.0;0.0;0.0;1.0;
True
---
L
1;2;3;4;5;6;7;8;9;10;11;
-1.0;-3.67381906147e-16;0.0;5.0;3.67381906147e-16;-1.0;0.0;-87.3203091243;0.0;0.0;1.0;-25.0;0.0;0.0;0.0;1.0;
True
---
L
0;1;2;3;4;5;7;8;9;10;11;
1.83690953073e-16;-1.0;0.0;167.679690876;1.0;1.83690953073e-16;0.0;110.0;0.0;0.0;1.0;-35.0;0.0;0.0;0.0;1.0;
True
---
L
0;1;2;3;4;6;7;8;9;10;11;
-1.0;3.67381906147e-16;0.0;105.0;-3.67381906147e-16;-1.0;0.0;442.679690876;0.0;0.0;1.0;-65.0;0.0;0.0;0.0;1.0;
True
---
L
0;1;2;3;4;5;6;8;9;10;11;
1.0;0.0;0.0;205.0;0.0;1.0;0.0;-32.6796908757;0.0;0.0;1.0;-45.0;0.0;0.0;0.0;1.0;
True
---
L
0;1;2;3;4;5;7;8;9;10;11;
-5.5107285922e-16;-1.0;0.0;137.679690876;1.0;-5.5107285922e-16;0.0;240.0;0.0;0.0;1.0;-75.0;0.0;0.0;0.0;1.0;
True
---
L
0;1;2;3;4;5;7;8;9;10;11;
-5.5107285922e-16;1.0;0.0;-67.6796908757;-1.0;-5.5107285922e-16;0.0;-130.0;0.0;0.0;1.0;-15.0;0.0;0.0;0.0;1.0;
True
---
L
0;1;2;4;5;6;8;9;10;11;
-1.0;3.67381906147e-16;0.0;165.0;-3.67381906147e-16;-1.0;0.0;142.679690876;0.0;0.0;1.0;-65.0;0.0;0.0;0.0;1.0;
True
---
L
0;1;2;3;4;5;6;8;9;10;11;
-1.0;3.67381906147e-16;0.0;225.0;-3.67381906147e-16;-1.0;0.0;-17.3203091243;0.0;0.0;1.0;-65.0;0.0;0.0;0.0;1.0;
True
---
L
0;1;2;3;4;5;6;7;8;10;11;
-1.0;-3.67381906147e-16;0.0;45.0;3.67381906147e-16;-1.0;0.0;262.679690876;0.0;0.0;1.0;-25.0;0.0;0.0;0.0;1.0;
True
---
L
0;2;3;4;5;6;7;8;9;10;11;
1.83690953073e-16;1.0;0.0;92.3203091243;-1.0;1.83690953073e-16;0.0;170.0;0.0;0.0;1.0;-55.0;0.0;0.0;0.0;1.0;
True
---
L
0;1;2;3;4;5;7;8;9;11;
1.83690953073e-16;-1.0;0.0;227.679690876;1.0;1.83690953073e-16;0.0;-270.0;0.0;0.0;1.0;-35.0;0.0;0.0;0.0;1.0;
True
---
L
0;1;2;3;4;6;7;8;10;11;
1.83690953073e-16;-1.0;0.0;147.679690876;1.0;1.83690953073e-16;0.0;100.0;0.0;0.0;1.0;-35.0;0.0;0.0;0.0;1.0;
True
---
L
0;1;2;3;4;5;6;7;8;9;11;
-1.0;-3.67381906147e-16;0.0;205.0;3.67381906147e-16;-1.0;0.0;152.679690876;0.0;0.0;1.0;-25.0;0.0;0.0;0.0;1.0;
True
---
L
0;1;2;3;4;5;6;7;8;9;11;
-1.0;-3.67381906147e-16;0.0;-55.0;3.67381906147e-16;-1.0;0.0;242.679690876;0.0;0.0;1.0;-25.0;0.0;0.0;0.0;1.0;
True
---
L
0;1;2;4;5;6;7;8;9;10;11;
1.83690953073e-16;1.0;0.0;-7.67969087568;-1.0;1.83690953073e-16;0.0;60.0;0.0;0.0;1.0;-55.0;0.0;0.0;0.0;1.0;
True
---
L
1;2;4;5;6;7;8;9;10;11;
-5.5107285922e-16;-1.0;0.0;117.679690876;1.0;-5.5107285922e-16;0.0;190.0;0.0;0.0;1.0;-75.0;0.0;0.0;0.0;1.0;
True
---
L
0;1;2;3;4;5;6;7;8;9;11;
1.83690953073e-16;-1.0;0.0;-92.3203091243;1.0;1.83690953073e-16;0.0;370.0;0.0;0.0;1.0;-35.0;0.0;0.0;0.0;1.0;
True
---
L
0;1;2;5;6;7;8;9;10;11;
1.83690953073e-16;-1.0;0.0;247.679690876;1.0;1.83690953073e-16;0.0;240.0;0.0;0.0;1.0;-35.0;0.0;0.0;0.0;1.0;
True
---
L
0;2;3;4;5;6;7;8;9;10;11;
1.0;0.0;0.0;145.0;0.0;1.0;0.0;-172.679690876;0.0;0.0;1.0;-45.0;0.0;0.0;0.0;1.0;
True
---
L
0;1;2;3;5;6;7;9;10;11;
1.83690953073e-16;-1.0;0.0;207.679690876;1.0;1.83690953073e-16;0.0;370.0;0.0;0.0;1.0;-35.0;0.0;0.0;0.0;1.0;
True
---
L
0;1;2;3;6;7;8;9;10;11;
1.0;0.0;0.0;185.0;0.0;1.0;0.0;-252.679690876;0.0;0.0;1.0;-45.0;0.0;0.0;0.0;1.0;
True
---
L
0;1;2;4;5;6;7;8;9;10;
1.83690953073e-16;1.0;0.0;-107.679690876;-1.0;1.83690953073e-16;0.0;280.0;0.0;0.0;1.0;-55.0;0.0;0.0;0.0;1.0;
True
---
L
0;2;3;4;5;6;7;8;9;10;11;
1.0;-7.34763812293e-16;0.0;205.0;7.34763812293e-16;1.0;0.0;-152.679690876;0.0;0.0;1.0;-85.0;0.0;0.0;0.0;1.0;
True
---
L
0;1;2;3;4;5;6;7;8;9;
-1.0;-3.67381906147e-16;0.0;165.0;3.67381906147e-16;-1.0;0.0;192.679690876;0.0;0.0;1.0;-25.0;0.0;0.0;0.0;1.0;
True
---
L
0;1;2;3;4;5;6;7;8;10;11;
1.83690953073e-16;-1.0;0.0;67.6796908757;1.0;1.83690953073e-16;0.0;-50.0;0.0;0.0;1.0;-35.0;0.0;0.0;0.0;1.0;
True
---
L
0;1;2;3;4;5;6;7;8;10;11;
-5.5107285922e-16;1.0;0.0;-27.6796908757;-1.0;-5.5107285922e-16;0.0;280.0;0.0;0.0;1.0;-15.0;0.0;0.0;0.0;1.0;
True
---
L
0;1;2;3;4;5;6;7;8;10;11;
1.83690953073e-16;-1.0;0.0;287.679690876;1.0;1.83690953073e-16;0.0;110.0;0.0;0.0;1.0;-35.0;0.0;0.0;0.0;1.0;
True
---
L
0;1;2;3;4;5;6;7;9;11;
1.0;0.0;0.0;275.0;0.0;1.0;0.0;-2.67969087568;0.0;0.0;1.0;-45.0;0.0;0.0;0.0;1.0;
True
---
L
1;3;4;5;6;7;8;9;10;11;
1.83690953073e-16;1.0;0.0;-187.679690876;-1.0;1.83690953073e-16;0.0;10.0;0.0;0.0;1.0;-55.0;0.0;0.0;0.0;1.0;
True
---
L
0;1;2;3;5;6;7;8;9;11;
1.83690953073e-16;-1.0;0.0;17.6796908757;1.0;1.83690953073e-16;0.0;220.0;0.0;0.0;1.0;-35.0;0.0;0.0;0.0;1.0;
True
---
L
0;2;3;4;5;6;7;8;9;10;11;
1.83690953073e-16;1.0;0.0;-217.679690876;-1.0;1.83690953073e-16;0.0;280.0;0.0;0.0;1.0;-55.0;0.0;0.0;0.0;1.0;
True
---
L
0;1;2;3;5;6;7;8;9;10;11;
1.83690953073e-16;1.0;0.0;32.3203091243;-1.0;1.83690953073e-16;0.0;30.0;0.0;0.0;1.0;-55.0;0.0;0.0;0.0;1.0;
True
---
L
1;2;3;4;5;6;7;8;9;10;11;
-1.0;3.67381906147e-16;0.0;-65.0;-3.67381906147e-16;-1.0;0.0;282.679690876;0.0;0.0;1.0;-65.0;0.0;0.0;0.0;1.0;
True
---
L
0;1;2;3;4;6;7;8;9;10;11;
-1.0;3.67381906147e-16;0.0;-165.0;-3.67381906147e-16;-1.0;0.0;352.679690876;0.0;0.0;1.0;-65.0;0.0;0.0;0.0;1.0;
True
---
L
1;2;3;4;5;6;7;8;9;10;11;
1.83690953073e-16;1.0;0.0;122.320309124;-1.0;1.83690953073e-16;0.0;100.0;0.0;0.0;1.0;-55.0;0.0;0.0;0.0;1.0;
True
---
L
0;1;2;3;4;5;6;7;8;9;11;
-5.5107285922e-16;-1.0;0.0;157.679690876;1.0;-5.5107285922e-16;0.0;220.0;0.0;0.0;1.0;-75.0;0.0;0.0;0.0;1.0;
True
---
L
0;1;2;3;4;5;6;7;8;9;10;
1.0;0.0;0.0;-5.0;0.0;1.0;0.0;187.320309124;0.0;0.0;1.0;-45.0;0.0;0.0;0.0;1.0;
True
---
L
0;1;2;3;4;6;7;8;9;10;11;
1.0;0.0;0.0;165.0;0.0;1.0;0.0;-372.679690876;0.0;0.0;1.0;-45.0;0.0;0.0;0.0;1.0;
True
---
L
0;1;2;4;5;6;7;8;9;10;11;
1.83690953073e-16;1.0;0.0;-17.6796908757;-1.0;1.83690953073e-16;0.0;110.0;0.0;0.0;1.0;-55.0;0.0;0.0;0.0;1.0;
True
---
L
1;2;3;4;5;6;7;8;9;10;11;
1.83690953073e-16;1.0;0.0;212.320309124;-1.0;1.83690953073e-16;0.0;-140.0;0.0;0.0;1.0;-55.0;0.0;0.0;0.0;1.0;
True
---
L
0;1;4;5;6;7;8;9;10;11;
1.0;0.0;0.0;-125.0;0.0;1.0;0.0;-42.6796908757;0.0;0.0;1.0;-45.0;0.0;0.0;0.0;1.0;
True
---
L
0;1;2;3;4;5;6;7;8;10;11;
1.83690953073e-16;1.0;0.0;82.3203091243;-1.0;1.83690953073e-16;0.0;-110.0;0.0;0.0;1.0;-55.0;0.0;0.0;0.0;1.0;
True
---
L
0;1;3;4;6;7;8;9;10;11;
-1.0;3.67381906147e-16;0.0;-165.0;-3.67381906147e-16;-1.0;0.0;142.679690876;0.0;0.0;1.0;-65.0;0.0;0.0;0.0;1.0;
True
---
L
0;1;3;4;5;6;7;8;9;10;11;
-1.0;3.67381906147e-16;0.0;-185.0;-3.67381906147e-16;-1.0;0.0;362.679690876;0.0;0.0;1.0;-65.0;0.0;0.0;0.0;1.0;
True
---
L
1;2;3;4;5;6;7;8;9;11;
-1.0;3.67381906147e-16;0.0;165.0;-3.67381906147e-16;-1.0;0.0;52.6796908757;0.0;0.0;1.0;-65.0;0.0;0.0;0.0;1.0;
True
---
L
0;1;2;3;4;5;7;8;9;10;11;
-1.0;-3.67381906147e-16;0.0;215.0;3.67381906147e-16;-1.0;0.0;-97.3203091243;0.0;0.0;1.0;-25.0;0.0;0.0;0.0;1.0;
True
---
L
0;1;2;3;4;5;6;8;9;10;11;
-5.5107285922e-16;1.0;0.0;-147.679690876;-1.0;-5.5107285922e-16;0.0;-100.0;0.0;0.0;1.0;-15.0;0.0;0.0;0.0;1.0;
True
---
L
0;1;2;3;4;5;6;7;8;9;10;
1.83690953073e-16;-1.0;0.0;327.679690876;1.0;1.83690953073e-16;0.0;-180.0;0.0;0.0;1.0;-35.0;0.0;0.0;0.0;1.0;
True
---
L
0;2;3;4;5;6;7;8;9;10;11;
1.83690953073e-16;1.0;0.0;202.320309124;-1.0;1.83690953073e-16;0.0;-160.0;0.0;0.0;1.0;-55.0;0.0;0.0;0.0;1.0;
True
---
L
0;2;3;4;5;6;7;8;10;11;
1.83690953073e-16;1.0;0.0;2.32030912432;-1.0;1.83690953073e-16;0.0;270.0;0.0;0.0;1.0;-55.0;0.0;0.0;0.0;1.0;
True
---
L
0;1;2;3;4;5;6;7;9;10;11;
1.83690953073e-16;-1.0;0.0;307.679690876;1.0;1.83690953073e-16;0.0;30.0;0.0;0.0;1.0;-35.0;0.0;0.0;0.0;1.0;
True
---
L
0;1;2;3;4;5;6;7;8;10;11;
-1.0;-3.67381906147e-16;0.0;-75.0;3.67381906147e-16;-1.0;0.0;312.679690876;0.0;0.0;1.0;-25.0;0.0;0.0;0.0;1.0;
True
---
L
0;1;2;3;4;5;7;8;9;10;11;
-1.0;-3.67381906147e-16;0.0;165.0;3.67381906147e-16;-1.0;0.0;-157.320309124;0.0;0.0;1.0;-25.0;0.0;0.0;0.0;1.0;
True
---
L
1;2;3;4;5;6;7;8;9;10;11;
1.83690953073e-16;1.0;0.0;-27.6796908757;-1.0;1.83690953073e-16;0.0;-190.0;0.0;0.0;1.0;-55.0;0.0;0.0;0.0;1.0;
True
---
L
0;1;2;3;4;5;6;7;8;9;10;
1.83690953073e-16;-1.0;0.0;237.679690876;1.0;1.83690953073e-16;0.0;210.0;0.0;0.0;1.0;-35.0;0.0;0.0;0.0;1.0;
True
---
L
1;2;3;4;5;6;7;8;9;10;11;
1.0;0.0;0.0;-125.0;0.0;1.0;0.0;167.320309124;0.0;0.0;1.0;-45.0;0.0;0.0;0.0;1.0;
True
---
L
0;2;3;4;5;6;7;9;10;11;
-1.0;-3.67381906147e-16;0.0;55.0;3.67381906147e-16;-1.0;0.0;42.6796908757;0.0;0.0;1.0;-25.0;0.0;0.0;0.0;1.0;
True
---
L
0;1;2;3;4;5;6;7;8;9;11;
-1.0;-3.67381906147e-16;0.0;-25.0;3.67381906147e-16;-1.0;0.0;-7.32030912432;0.0;0.0;1.0;-25.0;0.0;0.0;0.0;1.0;
True
---
L
0;1;2;3;4;5;6;7;8;9;11;
1.83690953073e-16;-1.0;0.0;-82.3203091243;1.0;1.83690953073e-16;0.0;300.0;0.0;0.0;1.0;-35.0;0.0;0.0;0.0;1.0;
True
---
L
0;1;2;3;4;5;6;7;8;9;11;
-1.0;-3.67381906147e-16;0.0;185.0;3.67381906147e-16;-1.0;0.0;52.6796908757;0.0;0.0;1.0;-25.0;0.0;0.0;0.0;1.0;
True
---
L
0;1;2;4;5;6;7;8;9;10;11;
1.83690953073e-16;1.0;0.0;-247.679690876;-1.0;1.83690953073e-16;0.0;400.0;0.0;0.0;1.0;-55.0;0.0;0.0;0.0;1.0;
True
---
L
0;1;2;3;4;5;6;7;8;9;11;
-1.0;-3.67381906147e-16;0.0;155.0;3.67381906147e-16;-1.0;0.0;342.679690876;0.0;0.0;1.0;-25.0;0.0;0.0;0.0;1.0;
True
---
L
0;1;2;4;5;6;7;8;9;10;11;
1.83690953073e-16;1.0;0.0;-67.6796908757;-1.0;1.83690953073e-16;0.0;360.0;0.0;0.0;1.0;-55.0;0.0;0.0;0.0;1.0;
True
---
L
0;1;3;4;5;6;7;8;9;10;11;
1.83690953073e-16;1.0;0.0;-87.6796908757;-1.0;1.83690953073e-16;0.0;-90.0;0.0;0.0;1.0;-55.0;0.0;0.0;0.0;1.0;
True
---
L
0;1;2;3;4;6;7;8;9;10;11;
-5.5107285922e-16;-1.0;0.0;7.67969087568;1.0;-5.5107285922e-16;0.0;350.0;0.0;0.0;1.0;-75.0;0.0;0.0;0.0;1.0;
True
---
L
0;1;3;4;5;6;7;8;9;10;11;
-1.0;3.67381906147e-16;0.0;65.0;-3.67381906147e-16;-1.0;0.0;152.679690876;0.0;0.0;1.0;-65.0;0.0;0.0;0.0;1.0;
True
---
L
0;1;2;3;4;5;6;7;8;10;11;
1.0;0.0;0.0;85.0;0.0;1.0;0.0;237.320309124;0.0;0.0;1.0;-45.0;0.0;0.0;0.0;1.0;
True
---
L
0;1;2;4;6;7;9;10;11;
-5.5107285922e-16;1.0;0.0;-97.6796908757;-1.0;-5.5107285922e-16;0.0;-150.0;0.0;0.0;1.0;-15.0;0.0;0.0;0.0;1.0;
True
---
L
0;1;2;3;4;5;6;8;9;10;11;
-1.0;-3.67381906147e-16;0.0;155.0;3.67381906147e-16;-1.0;0.0;192.679690876;0.0;0.0;1.0;-25.0;0.0;0.0;0.0;1.0;
True
---
L
0;1;2;3;5;7;8;9;10;11;
-1.0;-3.67381906147e-16;0.0;45.0;3.67381906147e-16;-1.0;0.0;162.679690876;0.0;0.0;1.0;-25.0;0.0;0.0;0.0;1.0;
True
---
L
0;1;3;4;5;6;7;8;9;10;11;
1.83690953073e-16;1.0;0.0;52.3203091243;-1.0;1.83690953073e-16;0.0;-250.0;0.0;0.0;1.0;-55.0;0.0;0.0;0.0;1.0;
True
---
L
0;1;2;3;4;5;6;7;8;9;11;
-5.5107285922e-16;1.0;0.0;12.3203091243;-1.0;-5.5107285922e-16;0.0;-250.0;0.0;0.0;1.0;-15.0;0.0;0.0;0.0;1.0;
True
---
L
0;1;3;4;5;6;7;8;9;10;11;
1.83690953073e-16;1.0;0.0;-147.679690876;-1.0;1.83690953073e-16;0.0;340.0;0.0;0.0;1.0;-55.0;0.0;0.0;0.0;1.0;
True
---
L
0;1;2;4;5;6;7;8;9;10;11;
-1.0;3.67381906147e-16;0.0;-75.0;-3.67381906147e-16;-1.0;0.0;122.679690876;0.0;0.0;1.0;-65.0;0.0;0.0;0.0;1.0;
True
---
L
0;1;2;3;4;5;6;7;9;10;11;
1.0;0.0;0.0;-115.0;0.0;1.0;0.0;-72.6796908757;0.0;0.0;1.0;-45.0;0.0;0.0;0.0;1.0;
True
---
L
0;1;2;3;4;5;6;7;8;10;11;
1.0;7.34763812293e-16;0.0;95.0;-7.34763812293e-16;1.0;0.0;-202.679690876;0.0;0.0;1.0;-5.0;0.0;0.0;0.0;1.0;
True
---
L
0;1;2;3;4;5;6;8;9;10;11;
1.0;0.0;0.0;35.0;0.0;1.0;0.0;127.320309124;0.0;0.0;1.0;-45.0;0.0;0.0;0.0;1.0;
True
---
L
0;1;2;3;4;6;7;8;9;10;11;
1.83690953073e-16;1.0;0.0;52.3203091243;-1.0;1.83690953073e-16;0.0;370.0;0.0;0.0;1.0;-55.0;0.0;0.0;0.0;1.0;
True
---
L
0;1;2;3;4;5;6;7;8;9;11;
-1.0;-3.67381906147e-16;0.0;-35.0;3.67381906147e-16;-1.0;0.0;222.679690876;0.0;0.0;1.0;-25.0;0.0;0.0;0.0;1.0;
True
---
L
0;1;2;3;4;5;6;7;8;9;10;
1.83690953073e-16;-1.0;0.0;237.679690876;1.0;1.83690953073e-16;0.0;-240.0;0.0;0.0;1.0;-35.0;0.0;0.0;0.0;1.0;
True
---
L
0;2;3;4;5;6;7;8;9;10;11;
1.83690953073e-16;1.0;0.0;-217.679690876;-1.0;1.83690953073e-16;0.0;150.0;0.0;0.0;1.0;-55.0;0.0;0.0;0.0;1.0;
True
---
L
0;1;2;3;4;5;6;7;9;10;11;
1.0;0.0;0.0;-125.0;0.0;1.0;0.0;-102.679690876;0.0;0.0;1.0;-45.0;0.0;0.0;0.0;1.0;
True
---
L
0;2;3;4;5;6;7;9;10;
1.0;0.0;0.0;205.0;0.0;1.0;0.0;67.3203091243;0.0;0.0;1.0;-45.0;0.0;0.0;0.0;1.0;
True
---
L
1;2;3;4;5;6;7;8;9;10;11;
1.83690953073e-16;-1.0;0.0;217.679690876;1.0;1.83690953073e-16;0.0;90.0;0.0;0.0;1.0;-35.0;0.0;0.0;0.0;1.0;
True
---
L
0;1;2;3;4;5;6;7;9;10;11;
1.83690953073e-16;-1.0;0.0;-2.32030912432;1.0;1.83690953073e-16;0.0;250.0;0.0;0.0;1.0;-35.0;0.0;0.0;0.0;1.0;
True
---
L
0;2;3;4;5;6;7;8;9;10;11;
1.83690953073e-16;1.0;0.0;-7.67969087568;-1.0;1.83690953073e-16;0.0;320.0;0.0;0.0;1.0;-55.0;0.0;0.0;0.0;1.0;
True
---
L
0;1;2;3;4;5;6;7;8;9;10;
1.83690953073e-16;-1.0;0.0;367.679690876;1.0;1.83690953073e-16;0.0;-110.0;0.0;0.0;1.0;-35.0;0.0;0.0;0.0;1.0;
True
---
L
0;1;2;3;4;5;6;7;8;10;11;
1.83690953073e-16;-1.0;0.0;207.679690876;1.0;1.83690953073e-16;0.0;200.0;0.0;0.0;1.0;-35.0;0.0;0.0;0.0;1.0;
True
---
L
0;1;2;3;4;6;7;8;9;10;11;
1.83690953073e-16;1.0;0.0;92.3203091243;-1.0;1.83690953073e-16;0.0;-80.0;0.0;0.0;1.0;-55.0;0.0;0.0;0.0;1.0;
True
---
L
0;1;3;4;5;6;7;8;9;10;11;
1.0;0.0;0.0;-35.0;0.0;1.0;0.0;-232.679690876;0.0;0.0;1.0;-45.0;0.0;0.0;0.0;1.0;
True
---
L
0;1;2;3;4;5;6;7;8;9;11;
1.83690953073e-16;-1.0;0.0;-52.3203091243;1.0;1.83690953073e-16;0.0;110.0;0.0;0.0;1.0;-35.0;0.0;0.0;0.0;1.0;
True
---
L
0;1;3;4;5;6;7;8;9;10;11;
1.83690953073e-16;1.0;0.0;-147.679690876;-1.0;1.83690953073e-16;0.0;50.0;0.0;0.0;1.0;-55.0;0.0;0.0;0.0;1.0;
True
---
L
0;1;2;3;4;6;7;8;9;10;11;
1.83690953073e-16;-1.0;0.0;217.679690876;1.0;1.83690953073e-16;0.0;-290.0;0.0;0.0;1.0;-35.0;0.0;0.0;0.0;1.0;
True
---
L
0;1;2;3;5;6;7;8;9;10;11;
1.83690953073e-16;1.0;0.0;-137.679690876;-1.0;1.83690953073e-16;0.0;210.0;0.0;0.0;1.0;-55.0;0.0;0.0;0.0;1.0;
True
---
L
0;1;2;3;4;5;6;7;8;10;
1.0;0.0;0.0;205.0;0.0;1.0;0.0;167.320309124;0.0;0.0;1.0;-45.0;0.0;0.0;0.0;1.0;
True
---
L
0;1;2;3;4;5;6;7;8;9;10;
-5.5107285922e-16;1.0;0.0;52.3203091243;-1.0;-5.5107285922e-16;0.0;220.0;0.0;0.0;1.0;-15.0;0.0;0.0;0.0;1.0;
True
---
L
0;1;2;3;4;5;6;7;8;10;11;
1.83690953073e-16;-1.0;0.0;67.6796908757;1.0;1.83690953073e-16;0.0;-20.0;0.0;0.0;1.0;-35.0;0.0;0.0;0.0;1.0;
True
---
L
2;3;5;6;7;8;9;10;11;
1.83690953073e-16;1.0;0.0;-287.679690876;-1.0;1.83690953073e-16;0.0;390.0;0.0;0.0;1.0;-55.0;0.0;0.0;0.0;1.0;
True
---
L
0;1;3;4;5;6;7;8;9;10;11;
1.83690953073e-16;1.0;0.0;-197.679690876;-1.0;1.83690953073e-16;0.0;110.0;0.0;0.0;1.0;-55.0;0.0;0.0;0.0;1.0;
True
---
L
0;1;2;3;4;5;6;7;8;10;11;
-1.0;-3.67381906147e-16;0.0;35.0;3.67381906147e-16;-1.0;0.0;262.679690876;0.0;0.0;1.0;-25.0;0.0;0.0;0.0;1.0;
True
---
L
0;1;2;4;6;7;8;9;10;11;
1.83690953073e-16;1.0;0.0;192.320309124;-1.0;1.83690953073e-16;0.0;100.0;0.0;0.0;1.0;-55.0;0.0;0.0;0.0;1.0;
True
---
L
0;1;2;4;5;6;7;8;9;10;11;
1.83690953073e-16;1.0;0.0;-247.679690876;-1.0;1.83690953073e-16;0.0;90.0;0.0;0.0;1.0;-55.0;0.0;0.0;0.0;1.0;
True
---
L
0;1;2;3;4;5;6;7;8;9;10;
1.83690953073e-16;1.0;0.0;-287.679690876;-1.0;1.83690953073e-16;0.0;230.0;0.0;0.0;1.0;-55.0;0.0;0.0;0.0;1.0;
True
---
L
0;2;3;4;5;6;7;9;10;11;
1.83690953073e-16;-1.0;0.0;-82.3203091243;1.0;1.83690953073e-16;0.0;200.0;0.0;0.0;1.0;-35.0;0.0;0.0;0.0;1.0;
True
---
L
0;1;2;3;4;6;7;8;9;10;11;
1.83690953073e-16;1.0;0.0;-117.679690876;-1.0;1.83690953073e-16;0.0;-80.0;0.0;0.0;1.0;-55.0;0.0;0.0;0.0;1.0;
True
---
L
0;1;2;3;4;5;6;7;8;9;10;
-5.5107285922e-16;1.0;0.0;-57.6796908757;-1.0;-5.5107285922e-16;0.0;-20.0;0.0;0.0;1.0;-15.0;0.0;0.0;0.0;1.0;
True
---
L
0;1;2;3;5;6;7;8;9;10;11;
-5.5107285922e-16;-1.0;0.0;97.6796908757;1.0;-5.5107285922e-16;0.0;-100.0;0.0;0.0;1.0;-75.0;0.0;0.0;0.0;1.0;
True
---
L
0;1;2;4;5;6;7;8;9;10;11;
-1.0;3.67381906147e-16;0.0;155.0;-3.67381906147e-16;-1.0;0.0;12.6796908757;0.0;0.0;1.0;-65.0;0.0;0.0;0.0;1.0;
True
---
L
0;1;2;3;4;5;6;7;9;10;11;
1.83690953073e-16;-1.0;0.0;377.679690876;1.0;1.83690953073e-16;0.0;-200.0;0.0;0.0;1.0;-35.0;0.0;0.0;0.0;1.0;
True
---
L
0;1;2;3;4;6;7;8;9;10;11;
1.83690953073e-16;1.0;0.0;12.3203091243;-1.0;1.83690953073e-16;0.0;360.0;0.0;0.0;1.0;-55.0;0.0;0.0;0.0;1.0;
True
---
L
0;1;2;4;5;6;7;8;9;10;11;
-1.0;3.67381906147e-16;0.0;115.0;-3.67381906147e-16;-1.0;0.0;82.6796908757;0.0;0.0;1.0;-65.0;0.0;0.0;0.0;1.0;
True
---
L
0;1;2;3;4;6;7;8;9;10;11;
1.83690953073e-16;1.0;0.0;52.3203091243;-1.0;1.83690953073e-16;0.0;-90.0;0.0;0.0;1.0;-55.0;0.0;0.0;0.0;1.0;
True
---
L
0;1;2;4;5;6;7;8;9;10;11;
-5.5107285922e-16;-1.0;0.0;127.679690876;1.0;-5.5107285922e-16;0.0;30.0;0.0;0.0;1.0;-75.0;0.0;0.0;0.0;1.0;
True
---
L
1;2;3;4;5;6;7;8;9;10;11;
-5.5107285922e-16;-1.0;0.0;257.679690876;1.0;-5.5107285922e-16;0.0;-70.0;0.0;0.0;1.0;-75.0;0.0;0.0;0.0;1.0;
True
---
L
0;1;2;3;4;5;6;8;9;10;11;
1.83690953073e-16;-1.0;0.0;257.679690876;1.0;1.83690953073e-16;0.0;-150.0;0.0;0.0;1.0;-35.0;0.0;0.0;0.0;1.0;
True
---
L
1;2;3;4;5;6;7;8;9;10;11;
-1.0;3.67381906147e-16;0.0;-175.0;-3.67381906147e-16;-1.0;0.0;342.679690876;0.0;0.0;1.0;-65.0;0.0;0.0;0.0;1.0;
True
---
L
0;1;2;3;5;6;7;8;9;10;11;
1.83690953073e-16;1.0;0.0;-57.6796908757;-1.0;1.83690953073e-16;0.0;180.0;0.0;0.0;1.0;-55.0;0.0;0.0;0.0;1.0;
True
---
L
0;1;2;3;4;6;7;9;10;11;
1.83690953073e-16;-1.0;0.0;87.6796908757;1.0;1.83690953073e-16;0.0;380.0;0.0;0.0;1.0;-35.0;0.0;0.0;0.0;1.0;
True
---
L
0;1;2;3;4;5;6;7;8;9;10;
1.83690953073e-16;-1.0;0.0;327.679690876;1.0;1.83690953073e-16;0.0;-150.0;0.0;0.0;1.0;-35.0;0.0;0.0;0.0;1.0;
True
---
L
0;2;3;4;5;6;7;8;9;10;
1.83690953073e-16;1.0;0.0;12.3203091243;-1.0;1.83690953073e-16;0.0;50.0;0.0;0.0;1.0;-55.0;0.0;0.0;0.0;1.0;
True
---
L
0;1;2;3;4;5;6;7;8;9;10;
-1.0;-3.67381906147e-16;0.0;285.0;3.67381906147e-16;-1.0;0.0;-47.3203091243;0.0;0.0;1.0;-25.0;0.0;0.0;0.0;1.0;
True
---
L
0;1;2;3;5;6;7;8;9;10;11;
-1.0;3.67381906147e-16;0.0;135.0;-3.67381906147e-16;-1.0;0.0;332.679690876;0.0;0.0;1.0;-65.0;0.0;0.0;0.0;1.0;
True
---
L
0;2;3;4;5;6;7;8;9;10;11;
1.83690953073e-16;1.0;0.0;-17.6796908757;-1.0;1.83690953073e-16;0.0;-60.0;0.0;0.0;1.0;-55.0;0.0;0.0;0.0;1.0;
True
---
L
0;1;2;3;4;7;8;9;10;11;
-5.5107285922e-16;-1.0;0.0;307.679690876;1.0;-5.5107285922e-16;0.0;-100.0;0.0;0.0;1.0;-75.0;0.0;0.0;0.0;1.0;
True
---
L
0;1;2;3;4;5;6;7;9;10;11;
-1.0;-3.67381906147e-16;0.0;235.0;3.67381906147e-16;-1.0;0.0;132.679690876;0.0;0.0;1.0;-25.0;0.0;0.0;0.0;1.0;
True
---
L
0;1;2;3;4;5;6;7;8;9;11;
-1.0;-3.67381906147e-16;0.0;235.0;3.67381906147e-16;-1.0;0.0;202.679690876;0.0;0.0;1.0;-25.0;0.0;0.0;0.0;1.0;
True
---
L
0;1;2;3;4;5;7;8;9;10;11;
1.83690953073e-16;-1.0;0.0;307.679690876;1.0;1.83690953073e-16;0.0;40.0;0.0;0.0;1.0;-35.0;0.0;0.0;0.0;1.0;
True
---
L
0;1;2;3;4;5;6;8;9;10;11;
1.83690953073e-16;-1.0;0.0;-52.3203091243;1.0;1.83690953073e-16;0.0;40.0;0.0;0.0;1.0;-35.0;0.0;0.0;0.0;1.0;
True
---
L
0;1;2;4;5;6;7;8;10;11;
-5.5107285922e-16;-1.0;0.0;197.679690876;1.0;-5.5107285922e-16;0.0;190.0;0.0;0.0;1.0;-75.0;0.0;0.0;0.0;1.0;
True
---
L
0;1;2;3;4;5;6;8;9;10;11;
-1.0;-3.67381906147e-16;0.0;-15.0;3.67381906147e-16;-1.0;0.0;452.679690876;0.0;0.0;1.0;-25.0;0.0;0.0;0.0;1.0;
True
---
L
0;1;2;3;4;5;6;7;8;9;11;
-1.0;-3.67381906147e-16;0.0;125.0;3.67381906147e-16;-1.0;0.0;482.679690876;0.0;0.0;1.0;-25.0;0.0;0.0;0.0;1.0;
True
---
L
0;2;3;4;5;6;7;8;9;10;11;
-1.0;3.67381906147e-16;0.0;-95.0;-3.67381906147e-16;-1.0;0.0;102.679690876;0.0;0.0;1.0;-65.0;0.0;0.0;0.0;1.0;
True
---
L
0;1;3;4;5;6;7;8;9;10;11;
-5.5107285922e-16;-1.0;0.0;237.679690876;1.0;-5.5107285922e-16;0.0;-50.0;0.0;0.0;1.0;-75.0;0.0;0.0;0.0;1.0;
True
---
L
0;1;2;3;4;5;6;7;8;9;10;
-1.0;-3.67381906147e-16;0.0;275.0;3.67381906147e-16;-1.0;0.0;32.6796908757;0.0;0.0;1.0;-25.0;0.0;0.0;0.0;1.0;
True
---
L
0;1;2;3;4;6;7;8;9;10;11;
1.83690953073e-16;1.0;0.0;-67.6796908757;-1.0;1.83690953073e-16;0.0;-160.0;0.0;0.0;1.0;-55.0;0.0;0.0;0.0;1.0;
True
---
L
0;1;2;3;4;6;7;8;9;10;11;
1.83690953073e-16;1.0;0.0;-217.679690876;-1.0;1.83690953073e-16;0.0;240.0;0.0;0.0;1.0;-55.0;0.0;0.0;0.0;1.0;
True
---
L
0;1;2;3;4;5;6;7;8;9;11;
-1.0;-3.67381906147e-16;0.0;5.0;3.67381906147e-16;-1.0;0.0;-17.3203091243;0.0;0.0;1.0;-25.0;0.0;0.0;0.0;1.0;
True
---
L
0;1;2;3;4;6;7;8;9;10;11;
1.0;0.0;0.0;-65.0;0.0;1.0;0.0;297.320309124;0.0;0.0;1.0;-45.0;0.0;0.0;0.0;1.0;
True
---
L
0;1;2;3;4;5;6;7;10;11;
-1.0;-3.67381906147e-16;0.0;-25.0;3.67381906147e-16;-1.0;0.0;432.679690876;0.0;0.0;1.0;-25.0;0.0;0.0;0.0;1.0;
True
---
L
0;1;3;4;5;6;7;8;9;10;11;
1.0;-7.34763812293e-16;0.0;245.0;7.34763812293e-16;1.0;0.0;-172.679690876;0.0;0.0;1.0;-85.0;0.0;0.0;0.0;1.0;
True
---
L
0;1;3;4;5;6;7;8;9;10;11;
-1.0;3.67381906147e-16;0.0;5.0;-3.67381906147e-16;-1.0;0.0;352.679690876;0.0;0.0;1.0;-65.0;0.0;0.0;0.0;1.0;
True
---
L
0;1;2;3;4;5;6;7;9;10;11;
1.83690953073e-16;-1.0;0.0;287.679690876;1.0;1.83690953073e-16;0.0;130.0;0.0;0.0;1.0;-35.0;0.0;0.0;0.0;1.0;
True
---
L
0;1;2;3;4;5;6;8;9;10;11;
1.0;0.0;0.0;15.0;0.0;1.0;0.0;-172.679690876;0.0;0.0;1.0;-45.0;0.0;0.0;0.0;1.0;
True
---
L
0;1;2;3;4;6;7;8;9;10;11;
-1.0;3.67381906147e-16;0.0;-15.0;-3.67381906147e-16;-1.0;0.0;192.679690876;0.0;0.0;1.0;-65.0;0.0;0.0;0.0;1.0;
True
---
L
0;2;3;4;5;6;7;8;9;10;11;
1.83690953073e-16;1.0;0.0;-167.679690876;-1.0;1.83690953073e-16;0.0;300.0;0.0;0.0;1.0;-55.0;0.0;0.0;0.0;1.0;
True
---
L
0;1;2;4;5;6;7;8;9;10;11;
-5.5107285922e-16;-1.0;0.0;87.6796908757;1.0;-5.5107285922e-16;0.0;-60.0;0.0;0.0;1.0;-75.0;0.0;0.0;0.0;1.0;
True
---
L
0;1;2;3;4;5;6;7;8;9;10;
1.83690953073e-16;1.0;0.0;-187.679690876;-1.0;1.83690953073e-16;0.0;370.0;0.0;0.0;1.0;-55.0;0.0;0.0;0.0;1.0;
True
---
L
0;1;2;3;4;6;7;8;9;10;11;
1.83690953073e-16;1.0;0.0;22.3203091243;-1.0;1.83690953073e-16;0.0;390.0;0.0;0.0;1.0;-55.0;0.0;0.0;0.0;1.0;
True
---
L
0;1;2;3;4;5;6;8;9;10;11;
-5.5107285922e-16;1.0;0.0;-197.679690876;-1.0;-5.5107285922e-16;0.0;230.0;0.0;0.0;1.0;-15.0;0.0;0.0;0.0;1.0;
True
---
L
0;2;3;4;5;6;7;8;9;10;11;
-1.0;3.67381906147e-16;0.0;245.0;-3.67381906147e-16;-1.0;0.0;-57.3203091243;0.0;0.0;1.0;-65.0;0.0;0.0;0.0;1.0;
True
---
L
0;1;2;4;5;6;7;8;9;10;11;
-1.0;3.67381906147e-16;0.0;35.0;-3.67381906147e-16;-1.0;0.0;-27.3203091243;0.0;0.0;1.0;-65.0;0.0;0.0;0.0;1.0;
True
---
L
0;1;3;4;5;7;8;9;10;11;
-1.0;-3.67381906147e-16;0.0;115.0;3.67381906147e-16;-1.0;0.0;432.679690876;0.0;0.0;1.0;-25.0;0.0;0.0;0.0;1.0;
True
---
L
0;1;2;3;5;6;7;8;9;10;11;
-5.5107285922e-16;-1.0;0.0;137.679690876;1.0;-5.5107285922e-16;0.0;180.0;0.0;0.0;1.0;-75.0;0.0;0.0;0.0;1.0;
True
---
L
0;1;2;3;4;5;6;7;8;11;
1.83690953073e-16;-1.0;0.0;257.679690876;1.0;1.83690953073e-16;0.0;-190.0;0.0;0.0;1.0;-35.0;0.0;0.0;0.0;1.0;
True
---
L
0;1;2;3;4;5;6;7;8;10;11;
1.0;7.34763812293e-16;0.0;5.0;-7.34763812293e-16;1.0;0.0;-242.679690876;0.0;0.0;1.0;-5.0;0.0;0.0;0.0;1.0;
True
---
L
0;1;2;3;4;5;6;7;8;10;11;
-5.5107285922e-16;1.0;0.0;22.3203091243;-1.0;-5.5107285922e-16;0.0;360.0;0.0;0.0;1.0;-15.0;0.0;0.0;0.0;1.0;
True
---
L
1;2;3;4;5;6;7;8;9;10;11;
1.83690953073e-16;-1.0;0.0;27.6796908757;1.0;1.83690953073e-16;0.0;340.0;0.0;0.0;1.0;-35.0;0.0;0.0;0.0;1.0;
True
---
L
0;1;2;4;5;6;7;8;9;11;
-1.0;3.67381906147e-16;0.0;35.0;-3.67381906147e-16;-1.0;0.0;382.679690876;0.0;0.0;1.0;-65.0;0.0;0.0;0.0;1.0;
True
---
L
0;1;3;4;5;6;7;8;9;10;11;
-1.0;3.67381906147e-16;0.0;95.0;-3.67381906147e-16;-1.0;0.0;342.679690876;0.0;0.0;1.0;-65.0;0.0;0.0;0.0;1.0;
True
---
L
0;1;2;3;5;6;7;8;9;10;11;
1.83690953073e-16;1.0;0.0;-7.67969087568;-1.0;1.83690953073e-16;0.0;-120.0;0.0;0.0;1.0;-55.0;0.0;0.0;0.0;1.0;
True
---
L
0;2;3;4;5;6;7;8;9;10;11;
1.83690953073e-16;1.0;0.0;142.320309124;-1.0;1.83690953073e-16;0.0;180.0;0.0;0.0;1.0;-55.0;0.0;0.0;0.0;1.0;
True
---
L
0;1;2;3;4;5;6;8;9;10;11;
1.83690953073e-16;-1.0;0.0;137.679690876;1.0;1.83690953073e-16;0.0;-240.0;0.0;0.0;1.0;-35.0;0.0;0.0;0.0;1.0;
True
---
L
0;2;3;4;5;6;7;8;9;10;11;
-1.0;3.67381906147e-16;0.0;225.0;-3.67381906147e-16;-1.0;0.0;72.6796908757;0.0;0.0;1.0;-65.0;0.0;0.0;0.0;1.0;
True
---
L
0;2;3;4;5;6;7;8;9;10;11;
-1.0;3.67381906147e-16;0.0;95.0;-3.67381906147e-16;-1.0;0.0;242.679690876;0.0;0.0;1.0;-65.0;0.0;0.0;0.0;1.0;
True
---
L
0;1;2;3;5;6;7;8;9;10;
1.83690953073e-16;1.0;0.0;-277.679690876;-1.0;1.83690953073e-16;0.0;40.0;0.0;0.0;1.0;-55.0;0.0;0.0;0.0;1.0;
True
---
L
0;1;2;4;5;6;7;8;9;10;11;
-5.5107285922e-16;-1.0;0.0;247.679690876;1.0;-5.5107285922e-16;0.0;70.0;0.0;0.0;1.0;-75.0;0.0;0.0;0.0;1.0;
True
---
L
0;1;2;3;5;6;7;8;9;10;11;
1.0;-7.34763812293e-16;0.0;105.0;7.34763812293e-16;1.0;0.0;97.3203091243;0.0;0.0;1.0;-85.0;0.0;0.0;0.0;1.0;
True
---
L
0;1;2;3;4;6;7;8;9;10;11;
1.0;0.0;0.0;-165.0;0.0;1.0;0.0;97.3203091243;0.0;0.0;1.0;-45.0;0.0;0.0;0.0;1.0;
True
---
L
1;2;3;4;5;6;7;8;9;10;11;
-1.0;3.67381906147e-16;0.0;5.0;-3.67381906147e-16;-1.0;0.0;-57.3203091243;0.0;0.0;1.0;-65.0;0.0;0.0;0.0;1.0;
True
---
L
0;1;2;3;4;5;6;7;8;10;11;
1.83690953073e-16;-1.0;0.0;227.679690876;1.0;1.83690953073e-16;0.0;50.0;0.0;0.0;1.0;-35.0;0.0;0.0;0.0;1.0;
True
---
L
0;1;2;3;4;5;6;8;9;10;11;
1.0;0.0;0.0;-225.0;0.0;1.0;0.0;317.320309124;0.0;0.0;1.0;-45.0;0.0;0.0;0.0;1.0;
True
---
L
1;2;3;4;5;6;7;8;9;10;11;
1.83690953073e-16;1.0;0.0;152.320309124;-1.0;1.83690953073e-16;0.0;280.0;0.0;0.0;1.0;-55.0;0.0;0.0;0.0;1.0;
True
---
L
0;1;2;3;4;5;6;7;9;10;11;
1.0;0.0;0.0;295.0;0.0;1.0;0.0;17.3203091243;0.0;0.0;1.0;-45.0;0.0;0.0;0.0;1.0;
True
---
L
0;1;2;3;4;5;6;8;9;10;11;
1.83690953073e-16;1.0;0.0;-147.679690876;-1.0;1.83690953073e-16;0.0;350.0;0.0;0.0;1.0;-55.0;0.0;0.0;0.0;1.0;
True
---
L
0;1;2;3;4;6;7;8;9;10;11;
1.0;0.0;0.0;45.0;0.0;1.0;0.0;-252.679690876;0.0;0.0;1.0;-45.0;0.0;0.0;0.0;1.0;
True
---
L
0;1;2;4;5;6;7;8;9;10;11;
-5.5107285922e-16;-1.0;0.0;-92.3203091243;1.0;-5.5107285922e-16;0.0;210.0;0.0;0.0;1.0;-75.0;0.0;0.0;0.0;1.0;
True
---
L
0;2;3;4;5;6;7;8;9;10;11;
1.83690953073e-16;1.0;0.0;22.3203091243;-1.0;1.83690953073e-16;0.0;-30.0;0.0;0.0;1.0;-55.0;0.0;0.0;0.0;1.0;
True
---
L
0;1;3;4;5;6;7;8;9;10;11;
-5.5107285922e-16;-1.0;0.0;-102.320309124;1.0;-5.5107285922e-16;0.0;220.0;0.0;0.0;1.0;-75.0;0.0;0.0;0.0;1.0;
True
---
L
0;1;2;3;4;5;7;8;9;10;11;
1.83690953073e-16;-1.0;0.0;257.679690876;1.0;1.83690953073e-16;0.0;10.0;0.0;0.0;1.0;-35.0;0.0;0.0;0.0;1.0;
True
---
L
1;2;3;4;5;6;7;8;9;10;11;
-1.0;3.67381906147e-16;0.0;-125.0;-3.67381906147e-16;-1.0;0.0;182.679690876;0.0;0.0;1.0;-65.0;0.0;0.0;0.0;1.0;
True
---
L
0;2;3;4;5;6;7;8;9;10;11;
-5.5107285922e-16;-1.0;0.0;267.679690876;1.0;-5.5107285922e-16;0.0;-60.0;0.0;0.0;1.0;-75.0;0.0;0.0;0.0;1.0;
True
---
L
0;1;2;3;5;6;7;8;9;10;11;
1.83690953073e-16;1.0;0.0;102.320309124;-1.0;1.83690953073e-16;0.0;220.0;0.0;0.0;1.0;-55.0;0.0;0.0;0.0;1.0;
True
---
L
0;1;2;3;4;5;6;7;8;9;10;
-1.0;-3.67381906147e-16;0.0;-95.0;3.67381906147e-16;-1.0;0.0;112.679690876;0.0;0.0;1.0;-25.0;0.0;0.0;0.0;1.0;
True
---
L
0;1;2;3;4;5;7;8;9;10;11;
1.83690953073e-16;-1.0;0.0;-12.3203091243;1.0;1.83690953073e-16;0.0;-60.0;0.0;0.0;1.0;-35.0;0.0;0.0;0.0;1.0;
True
---
L
0;1;2;3;4;5;6;7;8;10;11;
1.83690953073e-16;-1.0;0.0;-22.3203091243;1.0;1.83690953073e-16;0.0;120.0;0.0;0.0;1.0;-35.0;0.0;0.0;0.0;1.0;
True
---
L
0;2;3;4;5;6;7;8;9;10;11;
-1.0;-3.67381906147e-16;0.0;-5.0;3.67381906147e-16;-1.0;0.0;122.679690876;0.0;0.0;1.0;-25.0;0.0;0.0;0.0;1.0;
True
---
L
0;1;2;3;4;5;6;7;8;10;11;
1.83690953073e-16;-1.0;0.0;247.679690876;1.0;1.83690953073e-16;0.0;-280.0;0.0;0.0;1.0;-35.0;0.0;0.0;0.0;1.0;
True
---
L
0;1;2;3;4;5;6;8;9;10;11;
-5.5107285922e-16;1.0;0.0;92.3203091243;-1.0;-5.5107285922e-16;0.0;380.0;0.0;0.0;1.0;-15.0;0.0;0.0;0.0;1.0;
True
---
L
0;1;2;3;4;5;6;7;8;9;11;
1.0;0.0;0.0;-185.0;0.0;1.0;0.0;-62.6796908757;0.0;0.0;1.0;-45.0;0.0;0.0;0.0;1.0;
True
---
L
0;1;2;3;4;5;6;7;8;9;11;
-1.0;-3.67381906147e-16;0.0;135.0;3.67381906147e-16;-1.0;0.0;-157.320309124;0.0;0.0;1.0;-25.0;0.0;0.0;0.0;1.0;
True
---
L
0;1;2;4;5;6;7;8;9;10;11;
1.83690953073e-16;1.0;0.0;-277.679690876;-1.0;1.83690953073e-16;0.0;410.0;0.0;0.0;1.0;-55.0;0.0;0.0;0.0;1.0;
True
---
L
0;1;2;3;4;6;7;8;9;11;
-5.5107285922e-16;1.0;0.0;-247.679690876;-1.0;-5.5107285922e-16;0.0;240.0;0.0;0.0;1.0;-15.0;0.0;0.0;0.0;1.0;
True
---
L
0;1;3;4;5;6;7;8;9;10;11;
-1.0;3.67381906147e-16;0.0;-85.0;-3.67381906147e-16;-1.0;0.0;302.679690876;0.0;0.0;1.0;-65.0;0.0;0.0;0.0;1.0;
True
---
L
0;1;2;3;4;5;6;7;8;9;11;
1.83690953073e-16;-1.0;0.0;67.6796908757;1.0;1.83690953073e-16;0.0;360.0;0.0;0.0;1.0;-35.0;0.0;0.0;0.0;1.0;
True
---
L
0;1;2;3;4;5;7;8;9;10;11;
1.0;0.0;0.0;-75.0;0.0;1.0;0.0;167.320309124;0.0;0.0;1.0;-45.0;0.0;0.0;0.0;1.0;
True
---
L
0;1;2;3;4;5;6;7;8;10;11;
1.0;7.34763812293e-16;0.0;-145.0;-7.34763812293e-16;1.0;0.0;147.320309124;0.0;0.0;1.0;-5.0;0.0;0.0;0.0;1.0;
True
---
L
0;1;2;3;4;6;7;8;9;10;11;
9.18454765367e-16;1.0;0.0;-47.6796908757;-1.0;9.18454765367e-16;0.0;240.0;0.0;0.0;1.0;-95.0;0.0;0.0;0.0;1.0;
True
---
L
0;1;2;3;4;5;6;7;8;9;10;
1.83690953073e-16;-1.0;0.0;367.679690876;1.0;1.83690953073e-16;0.0;-120.0;0.0;0.0;1.0;-35.0;0.0;0.0;0.0;1.0;
True
---
L
0;1;2;3;4;6;7;8;9;10;11;
1.83690953073e-16;1.0;0.0;152.320309124;-1.0;1.83690953073e-16;0.0;-30.0;0.0;0.0;1.0;-55.0;0.0;0.0;0.0;1.0;
True
---
L
0;1;3;4;5;6;7;8;9;10;11;
-1.0;3.67381906147e-16;0.0;-135.0;-3.67381906147e-16;-1.0;0.0;342.679690876;0.0;0.0;1.0;-65.0;0.0;0.0;0.0;1.0;
True
---
L
0;1;3;4;5;6;7;8;9;10;11;
1.0;0.0;0.0;155.0;0.0;1.0;0.0;-262.679690876;0.0;0.0;1.0;-45.0;0.0;0.0;0.0;1.0;
True
---
L
0;1;2;3;5;6;7;8;9;10;11;
-1.0;3.67381906147e-16;0.0;125.0;-3.67381906147e-16;-1.0;0.0;142.679690876;0.0;0.0;1.0;-65.0;0.0;0.0;0.0;1.0;
True
---
L
0;1;2;3;4;5;6;7;8;9;11;
-5.5107285922e-16;1.0;0.0;-57.6796908757;-1.0;-5.5107285922e-16;0.0;70.0;0.0;0.0;1.0;-15.0;0.0;0.0;0.0;1.0;
True
---
L
0;1;2;3;4;5;6;7;8;9;11;
1.0;7.34763812293e-16;0.0;-15.0;-7.34763812293e-16;1.0;0.0;-252.679690876;0.0;0.0;1.0;-5.0;0.0;0.0;0.0;1.0;
True
---
L
0;1;3;4;5;6;7;8;9;10;11;
-5.5107285922e-16;-1.0;0.0;107.679690876;1.0;-5.5107285922e-16;0.0;280.0;0.0;0.0;1.0;-75.0;0.0;0.0;0.0;1.0;
True
---
L
0;1;2;4;5;6;7;8;9;10;11;
1.83690953073e-16;1.0;0.0;2.32030912432;-1.0;1.83690953073e-16;0.0;-50.0;0.0;0.0;1.0;-55.0;0.0;0.0;0.0;1.0;
True
---
L
0;1;2;4;5;6;8;9;10;11;
1.0;0.0;0.0;-235.0;0.0;1.0;0.0;317.320309124;0.0;0.0;1.0;-45.0;0.0;0.0;0.0;1.0;
True
---
L
0;1;2;3;4;5;6;7;8;9;11;
1.83690953073e-16;-1.0;0.0;-132.320309124;1.0;1.83690953073e-16;0.0;400.0;0.0;0.0;1.0;-35.0;0.0;0.0;0.0;1.0;
True
---
L
0;1;2;3;4;5;6;7;8;10;11;
1.83690953073e-16;-1.0;0.0;317.679690876;1.0;1.83690953073e-16;0.0;280.0;0.0;0.0;1.0;-35.0;0.0;0.0;0.0;1.0;
True
---
L
0;1;2;3;4;5;6;7;8;10;11;
-1.0;3.67381906147e-16;0.0;65.0;-3.67381906147e-16;-1.0;0.0;282.679690876;0.0;0.0;1.0;-65.0;0.0;0.0;0.0;1.0;
True
---
L
0;1;2;3;4;5;6;7;8;9;10;
1.83690953073e-16;-1.0;0.0;-52.3203091243;1.0;1.83690953073e-16;0.0;90.0;0.0;0.0;1.0;-35.0;0.0;0.0;0.0;1.0;
True
---
L
0;1;2;3;4;6;7;8;9;10;11;
-1.0;3.67381906147e-16;0.0;-65.0;-3.67381906147e-16;-1.0;0.0;2.67969087568;0.0;0.0;1.0;-65.0;0.0;0.0;0.0;1.0;
True
---
L
0;1;2;3;4;5;6;7;9;10;11;
1.83690953073e-16;-1.0;0.0;207.679690876;1.0;1.83690953073e-16;0.0;170.0;0.0;0.0;1.0;-35.0;0.0;0.0;0.0;1.0;
True
---
